1.532153
1.316816
1.316816
0.586680
0.586680
0.586680
0.280746
0.280746
0.967004
0.967004
0.967004
0.280746
0.280746
0.174734
0.174734
0.174734
1.130247
1.130247
0.504909
0.504909
0.504909
0.066676
0.066676
1.261955
1.261955
1.261955
0.684682
0.684682
1.399631
1.399631
1.399631
0.486702
0.486702
0.280746
0.280746
0.280746
0.586680
0.586680
0.384729
0.384729
0.384729
1.399631
1.399631
1.399631
0.280746
0.280746
0.280746
0.174734
0.174734
0.043445
0.043445
0.043445
0.586680
0.586680
0.066676
0.066676
0.066676
1.130247
1.130247
0.174734
0.174734
0.174734
0.384729
0.384729
0.384729
0.384729
0.384729
0.384729
0.384729
0.384729
0.384729
0.384729
0.586680
0.586680
1.000775
1.000775
1.000775
1.145654
1.145654
0.586680
0.586680
0.586680
0.280746
0.280746
0.625607
0.625607
0.625607
0.504909
0.504909
0.504909
0.504909
0.504909
1.637227
1.637227
1.637227
0.625607
0.625607
0.155647
0.155647
0.155647
0.384729
0.384729
0.269947
0.269947
0.269947
0.586680
0.586680
0.748472
0.748472
0.748472
0.625607
0.625607
0.386362
0.386362
0.386362
1.316816
1.316816
0.269947
0.269947
0.269947
0.504909
0.504909
0.386362
0.386362
0.386362
0.269947
0.269947
0.486702
0.486702
0.384729
0.384729
0.384729
0.748472
0.748472
0.684682
0.684682
0.684682
0.748472
0.748472
0.386362
0.386362
0.386362
0.386362
0.967004
0.967004
0.280746
0.280746
0.280746
1.057274
1.057274
0.748472
0.748472
0.748472
0.486702
0.486702
0.874827
0.874827
0.874827
0.066676
0.066676
0.174734
0.174734
0.174734
0.155647
0.155647
0.066676
0.066676
0.066676
1.130247
1.130247
0.486702
0.486702
0.486702
1.145654
1.145654
0.625607
0.625607
0.625607
0.874827
0.874827
0.269947
0.269947
0.269947
1.000775
1.000775
0.873523
0.873523
0.873523
1.532153
1.532153
1.532153
0.384729
0.384729
1.130247
1.130247
1.130247
0.384729
0.384729
1.786755
1.786755
1.786755
0.174734
0.174734
1.232162
1.232162
1.232162
1.532153
1.532153
0.155647
0.155647
0.155647
0.043445
0.043445
0.043445
0.043445
0.043445
0.486702
0.486702
0.684682
0.684682
0.684682
1.057274
1.057274
0.684682
0.684682
0.684682
0.780725
0.780725
0.384729
0.384729
0.384729
0.486702
0.486702
0.066676
0.066676
0.066676
1.232162
1.232162
0.625607
0.625607
0.625607
0.280746
0.280746
0.684682
0.684682
0.684682
0.748472
0.748472
1.670676
1.670676
1.670676
1.000775
1.000775
1.399631
1.399631
1.399631
0.384729
0.384729
0.386362
0.386362
0.386362
1.399631
1.399631
1.130247
1.130247
1.130247
0.066676
0.066676
1.532153
1.532153
1.532153
0.384729
0.384729
0.384729
1.000775
1.000775
1.316816
1.316816
1.316816
0.967004
0.967004
0.967004
0.625607
0.625607
0.873523
0.873523
0.873523
0.504909
0.504909
0.504909
1.057274
1.057274
0.043445
0.043445
0.043445
1.395918
1.395918
1.559820
1.559820
1.559820
0.269947
0.269947
0.155647
0.155647
0.155647
1.395918
1.395918
0.384729
0.384729
0.384729
0.684682
0.684682
0.873523
0.873523
0.873523
0.486702
0.486702
0.384729
0.384729
0.384729
1.000775
1.000775
1.000775
0.504909
0.504909
0.586680
0.586680
0.586680
0.873523
0.873523
0.873523
0.269947
0.269947
0.748472
0.748472
0.748472
1.532153
1.532153
1.532153
1.130247
1.130247
0.043445
0.043445
0.043445
1.395918
1.395918
1.811506
1.811506
1.811506
1.395918
1.395918
0.174734
0.174734
0.174734
0.386362
0.386362
1.000775
1.000775
1.000775
0.504909
0.504909
0.386362
0.386362
0.386362
0.384729
0.384729
0.384729
0.384729
0.384729
0.748472
0.748472
0.043445
0.043445
0.043445
1.811506
1.811506
0.967004
0.967004
0.967004
0.066676
0.066676
0.043445
0.043445
0.043445
0.174734
0.174734
0.174734
0.748472
0.748472
0.748472
0.748472
0.748472
1.399631
1.399631
0.280746
0.280746
0.280746
0.873523
0.873523
0.384729
0.384729
0.384729
0.967004
0.967004
1.000775
1.000775
1.000775
0.043445
0.043445
1.532153
1.532153
1.532153
0.586680
0.586680
0.384729
0.384729
0.384729
0.625607
0.625607
0.043445
0.043445
0.043445
0.174734
0.174734
0.625607
0.625607
0.625607
1.532153
1.532153
0.066676
0.066676
0.066676
0.043445
0.043445
0.269947
0.269947
0.269947
0.269947
1.532153
1.532153
1.670676
1.670676
1.670676
1.000775
1.000775
0.384729
0.384729
0.384729
0.874827
0.874827
0.625607
0.625607
0.625607
0.586680
0.586680
0.874827
0.874827
0.874827
0.174734
0.174734
0.586680
0.586680
0.586680
1.130247
1.130247
0.874827
0.874827
0.874827
0.873523
0.873523
0.873523
0.873523
0.873523
0.684682
0.684682
0.155647
0.155647
0.155647
0.066676
0.066676
0.155647
0.155647
0.155647
0.780725
0.780725
1.232162
1.232162
1.232162
1.532153
1.532153
1.532153
0.174734
0.174734
0.066676
0.066676
0.066676
0.384729
0.384729
0.873523
0.873523
0.873523
0.066676
0.066676
1.261955
1.261955
1.261955
0.269947
0.269947
0.384729
0.384729
0.384729
0.486702
0.486702
0.504909
0.504909
0.504909
0.586680
0.586680
0.174734
0.174734
0.174734
0.586680
0.586680
0.873523
0.873523
0.873523
0.280746
0.280746
1.057274
1.057274
1.057274
0.280746
0.280746
0.386362
0.386362
0.386362
0.780725
0.780725
0.780725
0.174734
0.174734
1.130247
1.130247
1.130247
0.780725
0.780725
1.145654
1.145654
1.145654
1.145654
1.145654
0.043445
0.043445
0.043445
0.043445
0.043445
0.269947
0.269947
0.269947
0.586680
0.586680
0.586680
0.043445
0.043445
0.043445
0.043445
0.043445
1.057274
1.057274
0.043445
0.043445
0.043445
0.066676
0.066676
0.174734
0.174734
0.174734
0.504909
0.504909
0.386362
0.386362
0.386362
1.670676
1.670676
0.684682
0.684682
0.684682
0.280746
0.280746
0.280746
0.967004
0.967004
0.967004
1.261955
1.261955
0.873523
0.873523
0.873523
1.670676
1.670676
1.145654
1.145654
1.145654
0.386362
0.386362
1.532153
1.532153
1.532153
0.504909
0.504909
1.395918
1.395918
1.395918
0.043445
0.043445
0.384729
0.384729
0.384729
1.232162
1.232162
0.873523
0.873523
0.873523
0.174734
0.174734
0.155647
0.155647
0.155647
0.155647
0.155647
0.748472
0.748472
0.748472
0.486702
0.486702
0.504909
0.504909
0.504909
1.057274
1.057274
1.057274
1.261955
1.261955
0.967004
0.967004
0.967004
0.249019
0.249019
0.249019
0.196885
0.196885
0.196885
0.159398
0.159398
0.249019
0.249019
0.249019
0.222703
0.222703
0.262321
0.262321
0.262321
0.159398
0.159398
0.159398
0.171705
0.171705
0.171705
0.222703
0.222703
0.222703
0.147302
0.147302
0.147302
0.147302
0.147302
0.041792
0.041792
0.171705
0.171705
0.171705
0.343046
0.343046
0.222703
0.222703
0.222703
0.316079
0.316079
0.222703
0.222703
0.222703
0.080139
0.080139
0.356491
0.356491
0.356491
0.289124
0.289124
0.147302
0.147302
0.147302
0.112456
0.112456
0.222703
0.222703
0.222703
0.159398
0.159398
0.196885
0.196885
0.196885
0.302591
0.302591
0.112456
0.112456
0.112456
0.112456
0.101379
0.101379
0.196885
0.196885
0.196885
0.159398
0.159398
0.184207
0.184207
0.184207
0.249019
0.249019
0.159398
0.159398
0.159398
0.184207
0.184207
0.184207
0.184207
0.184207
0.209723
0.209723
0.171705
0.171705
0.171705
0.159398
0.159398
0.112456
0.112456
0.112456
0.302591
0.302591
0.184207
0.184207
0.184207
0.171705
0.171705
0.147302
0.147302
0.147302
0.209723
0.209723
0.090601
0.090601
0.090601
0.302591
0.302591
0.275695
0.275695
0.275695
0.275695
0.159398
0.159398
0.090601
0.090601
0.090601
0.080139
0.080139
0.070009
0.070009
0.070009
0.171705
0.171705
0.171705
0.080139
0.080139
0.147302
0.147302
0.147302
0.123813
0.123813
0.147302
0.147302
0.147302
0.101379
0.101379
0.080139
0.080139
0.080139
0.222703
0.222703
0.147302
0.147302
0.147302
0.159398
0.159398
0.275695
0.275695
0.275695
0.080139
0.080139
0.135434
0.135434
0.135434
0.080139
0.080139
0.289124
0.289124
0.289124
0.249019
0.249019
0.249019
0.080139
0.080139
0.171705
0.171705
0.171705
0.135434
0.135434
0.171705
0.171705
0.171705
0.123813
0.123813
0.196885
0.196885
0.196885
0.135434
0.135434
0.249019
0.249019
0.249019
0.159398
0.159398
0.316079
0.316079
0.316079
0.135434
0.135434
0.235807
0.235807
0.235807
0.060230
0.060230
0.383217
0.383217
0.383217
0.196885
0.196885
0.184207
0.184207
0.184207
0.080139
0.080139
0.196885
0.196885
0.196885
0.101379
0.101379
0.159398
0.159398
0.159398
0.135434
0.135434
0.135434
0.159398
0.159398
0.135434
0.135434
0.135434
0.080139
0.080139
0.289124
0.289124
0.289124
0.209723
0.209723
0.147302
0.147302
0.147302
0.316079
0.316079
0.123813
0.123813
0.123813
0.275695
0.275695
0.171705
0.171705
0.171705
0.090601
0.090601
0.209723
0.209723
0.209723
0.090601
0.090601
0.135434
0.135434
0.135434
0.033168
0.033168
0.196885
0.196885
0.196885
0.112456
0.112456
0.112456
0.060230
0.060230
0.235807
0.235807
0.235807
0.196885
0.196885
0.196885
0.147302
0.147302
0.209723
0.209723
0.209723
0.196885
0.196885
0.060230
0.060230
0.060230
0.135434
0.135434
0.147302
0.147302
0.147302
0.184207
0.184207
0.209723
0.209723
0.209723
0.196885
0.196885
0.070009
0.070009
0.070009
0.123813
0.123813
0.184207
0.184207
0.184207
0.171705
0.171705
0.147302
0.147302
0.147302
0.090601
0.090601
0.209723
0.209723
0.209723
0.235807
0.235807
0.171705
0.171705
0.171705
0.135434
0.135434
0.135434
0.101379
0.101379
0.209723
0.209723
0.209723
0.262321
0.262321
0.101379
0.101379
0.101379
0.060230
0.060230
0.147302
0.147302
0.147302
0.159398
0.159398
0.123813
0.123813
0.123813
0.275695
0.275695
0.135434
0.135434
0.135434
0.184207
0.184207
0.171705
0.171705
0.171705
0.159398
0.159398
0.159398
0.209723
0.209723
0.032603
0.032603
0.032603
0.350200
0.350200
0.350200
0.435514
0.435514
0.522689
0.522689
0.522689
0.185086
0.185086
0.185086
0.185086
0.185086
0.266730
0.266730
0.123574
0.123574
0.123574
0.336743
0.336743
0.267397
0.267397
0.267397
0.105251
0.105251
0.336743
0.336743
0.336743
0.267397
0.267397
0.267397
0.185086
0.185086
0.597425
0.597425
0.597425
0.123574
0.123574
0.123574
0.049062
0.049062
0.196347
0.196347
0.196347
0.196347
0.196347
0.991995
0.991995
0.991995
0.597425
0.597425
0.832220
0.832220
0.832220
0.105251
0.105251
0.658507
0.658507
0.658507
0.597425
0.597425
0.534725
0.534725
0.534725
0.597425
0.597425
0.049062
0.049062
0.049062
0.470389
0.470389
0.185086
0.185086
0.185086
0.940256
0.940256
0.267397
0.267397
0.267397
0.597425
0.597425
0.597425
0.404401
0.404401
0.775887
0.775887
0.775887
0.832220
0.832220
0.887004
0.123574
0.123574
0.470389
0.470389
0.470389
0.887004
0.887004
0.336743
0.336743
0.336743
0.534725
0.534725
0.267397
0.267397
0.267397
0.534725
0.534725
0.775887
0.775887
0.775887
0.470389
0.470389
0.336743
0.336743
0.336743
0.534725
0.534725
0.534725
0.196347
0.196347
0.534725
0.534725
0.534725
0.658507
0.658507
0.336743
0.336743
0.336743
0.717989
0.717989
0.717989
0.991995
0.991995
0.991995
0.887004
0.887004
0.597425
0.597425
0.597425
0.717989
0.717989
0.404401
0.404401
0.404401
0.775887
0.775887
0.717989
0.717989
0.717989
0.123574
0.123574
0.658507
0.658507
0.658507
0.196347
0.196347
0.196347
0.196347
0.196347
0.940256
0.940256
0.940256
0.336743
0.336743
0.717989
0.717989
0.717989
0.717989
0.717989
0.940256
0.940256
0.940256
0.832220
0.832220
0.658507
0.658507
0.658507
0.717989
0.717989
0.775887
0.775887
0.775887
0.597425
0.597425
0.597425
0.658507
0.658507
0.470389
0.470389
0.470389
0.717989
0.717989
1.042238
1.042238
1.042238
0.597425
0.597425
0.049062
0.049062
0.049062
0.991995
0.991995
0.105251
0.105251
0.105251
0.336743
0.336743
0.717989
0.717989
0.717989
0.717989
0.717989
0.717989
0.717989
0.717989
0.717989
0.717989
0.717989
0.658507
0.658507
0.940256
0.940256
0.940256
0.775887
0.775887
0.775887
0.775887
0.775887
0.196347
0.196347
0.717989
0.717989
0.717989
0.775887
0.775887
0.775887
0.940256
0.940256
1.042238
1.042238
1.042238
0.775887
0.775887
0.470389
0.470389
0.470389
0.597425
0.597425
0.717989
0.717989
0.717989
0.775887
0.775887
0.775887
0.123574
0.123574
0.887004
0.887004
0.887004
0.404401
0.404401
0.534725
0.534725
0.534725
0.775887
0.775887
0.717989
0.717989
0.717989
0.832220
0.832220
0.597425
0.597425
0.597425
1.138303
1.138303
0.597425
0.597425
0.597425
0.404401
0.404401
0.336743
0.336743
0.336743
0.336743
0.597425
0.597425
0.267397
0.267397
0.267397
0.267397
0.267397
0.658507
0.658507
0.658507
0.470389
0.470389
0.597425
0.597425
0.597425
0.435514
0.435514
0.658507
0.658507
0.658507
0.658507
0.658507
0.658507
0.658507
0.658507
0.717989
0.717989
0.717989
0.940256
0.940256
0.658507
0.658507
0.658507
0.658507
0.658507
0.470389
0.470389
0.470389
0.717989
0.717989
0.267397
0.267397
0.267397
0.658507
0.658507
0.940256
0.940256
0.940256
0.522689
0.522689
0.522689
0.534725
0.534725
0.534725
0.470389
0.470389
0.027207
0.027207
0.027207
0.196347
0.196347
0.196347
0.196347
0.196347
0.597425
0.597425
0.435514
0.435514
0.435514
0.775887
0.775887
0.940256
0.940256
0.940256
0.597425
0.597425
0.940256
0.940256
0.940256
0.832220
0.832220
0.832220
0.196347
0.196347
0.658507
0.658507
0.658507
0.658507
0.658507
0.534725
0.534725
0.534725
0.597425
0.597425
0.991995
0.991995
0.991995
0.658507
0.658507
0.658507
0.404401
0.404401
0.404401
0.832220
0.832220
0.887004
0.887004
0.717989
0.717989
0.717989
0.717989
0.717989
0.717989
0.470389
0.470389
0.266730
0.266730
0.266730
0.832220
0.832220
0.470389
0.470389
0.470389
0.470389
0.470389
0.887004
0.887004
0.887004
0.534725
0.534725
0.196347
0.196347
0.196347
0.991995
0.991995
0.658507
0.658507
0.658507
0.105251
0.105251
0.717989
0.717989
0.717989
0.658507
0.658507
0.470389
0.470389
0.470389
0.832220
0.832220
0.832220
0.832220
0.196347
0.196347
0.887004
0.887004
0.887004
0.940256
0.940256
0.267397
0.267397
0.267397
0.940256
0.940256
0.534725
0.534725
0.534725
0.404401
0.404401
0.775887
0.775887
0.775887
0.534725
0.534725
0.775887
0.775887
0.775887
0.470389
0.470389
0.832220
0.832220
0.832220
0.717989
0.717989
0.717989
0.522689
0.522689
0.658507
0.658507
0.658507
0.534725
0.534725
0.775887
0.775887
0.775887
0.991995
0.991995
0.404401
0.404401
0.404401
0.196347
0.196347
0.123574
0.123574
0.123574
0.267397
0.267397
0.267397
0.123574
0.123574
0.775887
0.775887
0.775887
0.123574
0.123574
0.470389
0.470389
0.470389
0.717989
0.717989
0.470389
0.470389
0.470389
0.267397
0.267397
0.717989
0.717989
0.717989
0.597425
0.597425
0.887004
0.887004
0.887004
0.534725
0.534725
0.404401
0.404401
0.404401
0.266730
0.266730
0.887004
0.887004
0.887004
0.404401
0.404401
0.049062
0.049062
0.049062
0.775887
0.775887
0.775887
0.470389
0.470389
0.470389
0.717989
0.717989
0.404401
0.404401
0.404401
0.597425
0.597425
0.597425
0.470389
0.470389
0.832220
0.832220
0.832220
0.775887
0.775887
0.534725
0.534725
0.534725
0.534725
0.534725
0.534725
0.534725
0.534725
0.597425
0.597425
1.091001
1.091001
1.091001
0.940256
0.940256
0.049062
0.049062
0.049062
0.470389
0.470389
0.027207
0.027207
0.027207
0.658507
0.658507
0.336743
0.336743
0.336743
0.775887
0.775887
0.832220
0.832220
0.832220
0.597425
0.597425
0.597425
0.940256
0.940256
0.940256
0.887004
0.887004
0.658507
0.658507
0.658507
0.597425
0.597425
0.597425
0.534725
0.534725
0.658507
0.658507
0.658507
0.832220
0.832220
0.336743
0.336743
0.336743
0.049062
0.049062
0.404401
0.404401
0.404401
0.940256
0.940256
0.597425
0.597425
0.597425
0.267397
0.267397
0.775887
0.775887
0.775887
0.435514
0.435514
0.470389
0.470389
0.470389
1.091001
1.091001
0.717989
0.717989
0.717989
0.267397
0.267397
0.991995
0.991995
0.991995
0.991995
0.404401
0.404401
0.027207
0.027207
0.027207
0.522689
0.522689
0.534725
0.534725
0.534725
0.534725
0.534725
0.940256
0.940256
0.940256
0.658507
0.658507
0.775887
0.775887
0.775887
0.196347
0.196347
0.027207
0.027207
0.027207
0.775887
0.775887
0.534725
0.534725
0.534725
0.266730
0.266730
0.336743
0.336743
0.336743
0.404401
0.404401
0.266730
0.266730
0.266730
0.717989
0.717989
0.795555
0.795555
0.795555
0.658507
0.658507
0.658507
0.658507
0.597425
0.597425
0.717989
0.717989
0.717989
0.717989
0.717989
0.775887
0.775887
0.775887
0.470389
0.470389
0.470389
0.887004
0.887004
0.470389
0.470389
0.470389
1.138303
1.138303
0.404401
0.404401
0.404401
0.470389
0.470389
0.534725
0.534725
0.534725
0.717989
0.717989
0.534725
0.534725
0.534725
0.717989
0.717989
0.404401
0.404401
0.404401
1.091001
1.091001
0.717989
0.717989
0.717989
0.597425
0.597425
0.336743
0.336743
0.336743
0.717989
0.717989
0.717989
0.717989
0.717989
0.717989
0.534725
0.534725
0.267397
0.267397
0.267397
0.717989
0.717989
0.658507
0.658507
0.658507
0.027207
0.027207
0.597425
0.597425
0.597425
0.336743
0.336743
0.597425
0.597425
0.597425
0.940256
0.940256
0.049062
0.049062
0.049062
0.404401
0.404401
1.042238
1.042238
1.042238
0.336743
0.336743
0.775887
0.775887
0.775887
0.658507
0.658507
1.091001
1.091001
1.091001
0.534725
0.534725
0.717989
0.717989
0.717989
0.404401
0.404401
0.404401
0.404401
0.404401
0.404401
0.597425
0.597425
0.049062
0.049062
0.049062
1.091001
1.091001
1.091001
0.123574
0.123574
0.267397
0.267397
0.267397
0.991995
0.991995
0.597425
0.597425
0.597425
0.336743
0.336743
0.717989
0.717989
0.717989
0.185086
0.185086
0.267397
0.267397
0.267397
0.717989
0.717989
0.470389
0.470389
0.470389
0.940256
0.940256
0.534725
0.534725
0.534725
0.336743
0.336743
0.887004
0.887004
0.887004
1.138303
1.138303
0.832220
0.832220
0.832220
1.844910
1.278205
1.278205
1.278205
1.844910
1.844910
0.913556
0.913556
0.913556
0.559269
0.559269
1.464459
1.464459
1.464459
0.385967
0.385967
1.653355
1.653355
1.653355
1.278205
1.278205
1.844910
1.844910
1.844910
0.215204
0.215204
1.844910
1.844910
1.653355
1.653355
1.653355
1.464459
1.464459
1.464459
1.094577
1.094577
1.094577
1.653355
1.653355
1.653355
0.913556
0.913556
0.913556
0.913556
0.913556
1.464459
1.464459
1.844910
1.844910
1.844910
1.844910
1.844910
1.464459
1.464459
1.464459
1.464459
1.464459
0.215204
0.215204
1.844910
1.844910
1.844910
1.094577
1.094577
0.735126
0.735126
0.735126
1.844910
1.844910
1.844910
1.094577
1.094577
1.094577
1.094577
1.094577
0.913556
0.913556
1.653355
1.653355
1.653355
1.464459
1.464459
1.653355
1.653355
1.653355
1.653355
1.653355
1.844910
1.844910
1.844910
1.464459
1.464459
1.094577
1.094577
1.094577
1.278205
1.278205
1.278205
0.913556
0.913556
0.913556
1.844910
1.844910
1.278205
1.278205
1.278205
1.094577
1.094577
0.913556
0.913556
0.913556
1.464459
1.464459
0.385967
0.385967
1.094577
1.094577
1.094577
1.464459
1.464459
1.653355
1.653355
1.653355
0.913556
0.913556
1.653355
1.653355
1.653355
1.464459
1.464459
1.653355
1.653355
1.844910
1.844910
1.844910
1.094577
1.094577
1.278205
1.278205
1.278205
1.278205
1.844910
1.844910
1.844910
1.278205
1.278205
1.278205
1.653355
1.653355
1.464459
1.464459
1.464459
1.094577
1.094577
0.913556
0.913556
0.913556
1.653355
1.653355
0.385967
0.385967
0.385967
1.653355
1.653355
1.653355
1.844910
1.844910
1.844910
1.844910
1.844910
1.094577
1.094577
1.094577
1.094577
1.844910
1.844910
1.844910
1.094577
1.094577
1.464459
1.464459
1.464459
1.653355
1.653355
1.464459
1.464459
1.464459
1.653355
1.653355
1.464459
1.464459
1.464459
1.278205
1.278205
1.653355
1.653355
1.278205
1.278205
1.278205
0.215204
0.215204
1.278205
1.278205
1.278205
1.844910
1.844910
1.094577
1.094577
1.094577
0.559269
0.559269
1.464459
1.464459
1.464459
0.913556
0.913556
1.844910
1.844910
1.844910
1.844910
1.278205
1.278205
1.278205
1.464459
1.464459
1.094577
1.094577
1.094577
0.913556
0.913556
0.046962
0.046962
0.046962
1.653355
1.653355
1.653355
1.653355
1.653355
1.094577
1.094577
1.464459
1.464459
1.464459
0.735126
0.735126
1.844910
1.844910
1.844910
1.278205
1.278205
1.094577
1.094577
0.215204
0.215204
0.215204
1.278205
1.278205
1.094577
1.094577
1.094577
1.278205
1.278205
1.278205
1.278205
1.278205
1.844910
1.844910
1.844910
0.215204
0.215204
1.278205
1.278205
1.844910
1.844910
1.844910
0.913556
0.913556
1.278205
1.278205
1.278205
1.278205
1.278205
1.844910
1.844910
1.844910
1.653355
1.653355
1.464459
1.464459
1.278205
1.278205
1.278205
1.278205
1.278205
1.844910
1.844910
1.844910
0.913556
0.913556
1.278205
1.278205
1.278205
0.215204
0.215204
1.278205
1.278205
1.278205
1.464459
1.464459
1.653355
1.653355
1.653355
1.278205
1.278205
1.653355
1.653355
1.278205
1.278205
1.278205
0.559269
0.559269
0.559269
1.464459
1.464459
0.282030
0.282030
0.735126
0.735126
0.735126
1.844910
1.844910
1.464459
1.464459
0.735126
0.735126
0.735126
0.735126
1.094577
1.094577
1.094577
1.094577
1.094577
1.844910
1.844910
0.735126
0.735126
0.735126
0.913556
0.913556
0.913556
1.278205
1.278205
1.278205
0.913556
0.913556
1.464459
1.464459
1.464459
1.278205
1.278205
1.844910
1.844910
1.844910
1.844910
1.844910
1.278205
1.278205
1.278205
0.913556
0.913556
1.653355
1.653355
1.653355
1.653355
1.653355
1.278205
1.278205
1.278205
0.735126
0.735126
0.735126
0.913556
0.913556
1.464459
1.464459
1.464459
0.735126
0.735126
1.464459
1.464459
1.844910
1.844910
1.844910
1.094577
1.094577
0.735126
0.735126
0.735126
1.844910
1.844910
0.913556
0.913556
0.913556
1.464459
1.464459
1.844910
1.844910
1.844910
1.844910
1.844910
1.653355
1.653355
1.653355
1.844910
1.844910
1.844910
1.464459
1.464459
1.464459
1.464459
1.464459
1.464459
0.735126
0.735126
1.464459
1.464459
1.464459
1.094577
1.094577
1.653355
1.653355
1.653355
0.385967
0.385967
0.735126
0.735126
0.735126
0.735126
0.735126
1.653355
1.653355
1.653355
1.278205
1.278205
1.094577
1.094577
1.094577
0.046962
0.046962
1.653355
1.653355
1.653355
1.653355
1.653355
1.844910
1.844910
1.653355
1.653355
1.653355
1.278205
1.278205
1.278205
1.094577
1.094577
1.844910
1.844910
1.844910
1.278205
1.278205
1.844910
1.844910
1.844910
1.094577
1.094577
1.278205
1.278205
1.653355
1.653355
1.653355
0.385967
0.385967
0.385967
0.385967
0.385967
1.653355
1.653355
1.464459
1.464459
1.464459
1.094577
1.094577
0.559269
0.559269
1.653355
1.653355
0.385967
0.385967
0.385967
1.464459
1.464459
1.464459
1.464459
1.464459
0.735126
0.735126
1.094577
1.094577
1.094577
0.913556
0.913556
0.913556
0.913556
0.913556
0.913556
0.913556
0.913556
1.844910
1.844910
1.278205
1.278205
1.278205
1.278205
1.278205
1.278205
1.094577
1.094577
1.653355
1.653355
1.278205
1.278205
1.278205
0.735126
0.735126
0.282030
0.282030
0.282030
0.282030
1.094577
1.094577
1.278205
1.278205
1.278205
0.559269
0.559269
1.464459
1.464459
1.464459
1.464459
1.464459
1.278205
1.278205
1.278205
1.653355
1.653355
1.653355
1.278205
1.278205
1.844910
1.844910
1.844910
1.844910
1.844910
1.844910
0.735126
0.735126
0.735126
0.913556
0.913556
1.653355
1.653355
1.653355
0.559269
0.559269
1.653355
1.653355
1.653355
1.464459
1.464459
0.559269
0.559269
0.559269
0.913556
0.913556
1.653355
1.653355
1.653355
0.913556
0.913556
0.559269
0.559269
0.559269
0.913556
0.913556
1.844910
1.844910
1.844910
1.844910
1.844910
1.464459
1.464459
1.464459
1.653355
1.653355
1.653355
1.844910
1.844910
1.844910
1.464459
1.464459
0.913556
0.913556
0.913556
0.735126
0.735126
1.094577
1.094577
1.094577
0.913556
0.913556
0.735126
0.735126
0.735126
0.735126
1.653355
1.653355
0.913556
0.913556
0.913556
0.215204
0.215204
0.735126
0.735126
0.735126
1.653355
1.653355
1.464459
1.464459
1.464459
0.913556
0.913556
0.913556
0.913556
0.913556
1.278205
1.278205
1.844910
1.844910
1.844910
1.278205
1.278205
1.094577
1.094577
1.094577
0.559269
0.559269
0.735126
0.735126
0.735126
0.118777
0.118777
0.118777
0.913556
0.913556
1.464459
1.464459
1.464459
0.559269
0.559269
1.653355
1.653355
1.653355
1.844910
1.844910
1.844910
1.464459
1.464459
1.094577
1.094577
1.094577
1.844910
1.844910
1.844910
1.653355
1.653355
1.844910
1.844910
1.844910
1.094577
1.094577
1.094577
1.653355
1.653355
0.118777
0.118777
0.118777
0.414918
0.414918
0.414918
0.414918
0.414918
0.414918
0.642632
0.642632
0.642632
0.642632
0.642632
0.867461
0.867461
0.867461
0.414918
0.414918
0.414918
0.414918
0.414918
0.642632
0.642632
0.867461
0.867461
0.867461
1.524806
1.524806
1.524806
1.089421
1.089421
1.089421
1.089421
1.524806
1.524806
1.524806
1.089421
1.089421
1.089421
1.089421
1.089421
1.089421
0.867461
0.867461
1.089421
1.089421
1.089421
1.308530
1.308530
1.524806
1.524806
1.524806
0.867461
0.867461
0.867461
0.867461
0.867461
0.867461
1.308530
1.308530
1.308530
1.308530
1.308530
0.867461
0.867461
0.867461
0.867461
0.867461
0.867461
0.867461
0.642632
0.642632
0.642632
0.642632
0.642632
1.308530
1.308530
1.308530
1.089421
1.089421
1.089421
1.089421
1.089421
0.867461
0.867461
0.867461
0.642632
0.642632
0.642632
0.642632
0.642632
1.308530
1.308530
1.524806
1.524806
1.524806
0.642632
0.642632
0.867461
0.867461
0.867461
0.642632
0.642632
1.089421
1.089421
1.089421
1.308530
1.308530
1.308530
0.642632
0.642632
0.642632
0.642632
0.642632
1.738265
1.738265
1.524806
1.524806
1.524806
1.089421
1.089421
1.308530
1.308530
1.308530
1.089421
1.089421
1.308530
1.308530
1.308530
0.867461
0.867461
1.524806
1.524806
1.524806
0.867461
0.867461
1.089421
1.089421
1.089421
1.524806
1.524806
1.524806
1.524806
1.524806
1.308530
1.308530
1.308530
0.867461
0.867461
0.867461
0.867461
0.867461
1.089421
1.089421
1.738265
1.738265
1.738265
0.867461
0.867461
0.867461
1.308530
1.308530
0.867461
0.867461
0.867461
0.867461
0.867461
0.867461
0.867461
0.867461
0.867461
0.867461
0.867461
0.867461
0.867461
0.867461
0.867461
0.867461
1.524806
1.524806
0.867461
0.867461
0.867461
0.867461
0.867461
1.089421
1.089421
1.089421
1.089421
1.089421
0.867461
0.867461
0.867461
1.089421
1.089421
1.308530
1.308530
1.308530
0.642632
0.642632
1.308530
1.308530
1.308530
0.867461
0.867461
0.867461
0.867461
0.867461
0.867461
1.089421
1.089421
0.642632
0.642632
0.642632
1.089421
1.089421
0.867461
0.867461
0.867461
1.308530
1.308530
1.308530
0.642632
0.642632
1.089421
1.089421
1.089421
0.867461
0.867461
1.089421
1.089421
1.089421
0.414918
0.414918
1.524806
1.524806
1.524806
1.524806
1.524806
0.867461
0.867461
0.867461
0.642632
0.642632
1.089421
1.089421
1.089421
1.089421
1.089421
0.642632
0.642632
0.642632
1.089421
1.089421
1.524806
1.524806
1.524806
0.867461
0.867461
0.867461
0.867461
0.867461
1.308530
1.308530
1.308530
0.867461
0.867461
1.524806
1.524806
1.524806
1.089421
1.089421
0.867461
0.867461
0.867461
1.089421
1.089421
1.524806
1.524806
1.524806
0.867461
0.867461
0.867461
1.089421
1.089421
1.089421
1.089421
1.089421
1.089421
1.089421
0.867461
0.867461
0.867461
1.524806
1.524806
0.642632
0.642632
0.642632
0.867461
0.867461
1.089421
1.089421
1.089421
0.414918
0.414918
0.414918
0.867461
0.867461
0.867461
0.414918
0.414918
0.867461
0.867461
0.867461
0.867461
0.867461
0.642632
0.642632
0.642632
0.867461
0.867461
0.867461
1.089421
1.089421
1.308530
1.308530
1.308530
0.867461
0.867461
1.308530
1.308530
1.308530
1.524806
1.524806
0.867461
0.867461
0.867461
1.089421
1.089421
1.089421
1.089421
1.089421
1.738265
1.738265
1.089421
1.089421
1.089421
1.308530
1.308530
0.867461
0.867461
0.867461
0.642632
0.642632
0.642632
0.642632
0.867461
0.867461
1.089421
1.089421
1.089421
1.089421
1.089421
0.642632
0.642632
0.642632
1.308530
1.308530
1.308530
1.308530
1.308530
1.308530
1.308530
0.642632
0.642632
0.642632
0.867461
0.867461
0.867461
1.308530
1.308530
0.642632
0.642632
0.642632
0.867461
0.867461
0.642632
0.642632
0.642632
1.089421
1.089421
0.642632
0.642632
0.642632
1.089421
1.089421
1.089421
1.089421
1.089421
0.867461
0.867461
0.867461
0.867461
0.867461
1.089421
1.089421
1.089421
1.308530
1.308530
1.308530
0.867461
0.867461
1.089421
1.089421
1.089421
1.089421
1.089421
0.642632
0.642632
0.642632
0.642632
0.642632
1.089421
1.089421
1.089421
1.308530
1.308530
0.642632
0.642632
0.642632
1.308530
1.308530
1.308530
1.089421
1.089421
0.867461
0.867461
0.867461
1.089421
1.089421
1.308530
1.308530
1.308530
0.867461
0.867461
0.867461
0.867461
0.867461
0.867461
0.867461
1.089421
1.089421
1.089421
1.308530
1.308530
1.089421
1.089421
1.089421
1.089421
1.738265
1.738265
1.308530
1.308530
1.308530
1.308530
1.308530
1.308530
1.308530
1.308530
0.867461
0.867461
1.308530
1.308530
1.308530
0.867461
0.867461
0.867461
1.089421
1.089421
1.738265
1.738265
1.738265
1.308530
1.308530
0.642632
0.642632
0.642632
1.089421
1.089421
0.867461
0.867461
0.867461
1.089421
1.089421
1.308530
1.308530
1.308530
0.414918
0.414918
1.089421
1.089421
1.089421
1.089421
1.089421
1.738265
1.738265
1.738265
1.308530
1.308530
1.308530
1.308530
0.867461
0.867461
0.642632
0.642632
0.642632
0.867461
0.867461
1.089421
1.089421
1.089421
1.089421
1.089421
1.308530
1.308530
1.308530
1.089421
1.089421
1.308530
1.308530
1.308530
0.867461
0.867461
1.089421
1.089421
1.089421
1.089421
1.089421
1.089421
1.089421
1.089421
1.089421
1.089421
1.089421
0.867461
0.867461
1.308530
1.308530
1.308530
0.867461
0.867461
0.642632
0.642632
0.642632
1.308530
1.308530
0.642632
0.642632
0.642632
0.867461
0.867461
0.867461
1.089421
1.089421
1.308530
1.308530
1.308530
0.642632
0.642632
0.642632
0.642632
0.642632
0.867461
0.867461
0.642632
0.642632
0.642632
1.089421
1.089421
1.089421
1.089421
1.089421
1.308530
1.308530
1.308530
1.308530
1.308530
1.089421
1.089421
1.089421
1.308530
1.308530
0.642632
0.642632
0.642632
1.738265
1.738265
1.089421
1.089421
1.089421
0.642632
0.642632
0.867461
0.867461
0.867461
0.867461
0.867461
0.642632
0.642632
0.642632
1.524806
1.524806
1.524806
0.867461
0.867461
1.308530
1.308530
1.308530
1.089421
1.089421
0.867461
0.867461
0.867461
0.642632
0.642632
1.308530
1.308530
1.308530
1.308530
1.308530
0.642632
0.642632
0.642632
0.642632
0.642632
1.089421
1.089421
1.089421
0.414918
0.414918
1.089421
1.089421
1.089421
1.089421
1.089421
1.089421
0.867461
0.867461
0.642632
0.642632
0.642632
0.867461
0.867461
0.642632
0.642632
0.642632
0.867461
0.867461
1.089421
1.089421
1.089421
0.642632
0.642632
0.867461
0.867461
0.867461
0.867461
0.867461
1.089421
1.089421
1.089421
1.089421
1.089421
1.308530
1.308530
1.308530
0.867461
0.867461
1.089421
1.089421
1.089421
1.308530
1.308530
0.642632
0.642632
0.642632
1.089421
1.089421
0.867461
0.867461
0.867461
1.308530
1.308530
0.642632
0.642632
0.642632
0.867461
0.867461
0.867461
1.089421
1.089421
0.642632
0.642632
0.642632
1.738265
1.738265
0.642632
0.642632
0.642632
0.867461
0.867461
0.867461
0.642632
0.642632
1.089421
1.089421
1.089421
1.089421
1.089421
1.089421
1.089421
1.089421
0.642632
0.642632
0.867461
0.867461
0.867461
0.867461
0.867461
1.524806
1.524806
1.524806
0.867461
0.867461
0.867461
0.867461
0.867461
0.867461
0.867461
0.867461
1.089421
1.089421
0.867461
0.867461
0.867461
1.308530
1.308530
1.524806
1.524806
1.524806
1.089421
1.089421
0.642632
0.642632
0.642632
1.524806
1.524806
0.867461
0.867461
0.867461
1.524806
1.524806
1.524806
1.089421
1.089421
1.308530
1.308530
1.308530
0.867461
0.867461
1.308530
1.308530
1.308530
1.308530
1.308530
1.089421
1.089421
1.089421
0.867461
0.867461
0.642632
0.642632
0.642632
1.308530
1.308530
1.089421
1.089421
1.089421
1.089421
1.089421
1.308530
1.308530
1.308530
1.089421
1.089421
1.089421
1.089421
1.089421
1.308530
1.308530
1.308530
0.867461
0.867461
1.089421
1.089421
1.089421
0.867461
0.867461
1.524806
1.524806
1.524806
0.867461
0.867461
0.867461
1.524806
1.524806
1.089421
1.089421
1.089421
1.089421
1.089421
1.308530
1.308530
1.308530
0.867461
0.867461
0.642632
0.642632
0.642632
0.867461
0.867461
0.642632
0.642632
0.642632
0.642632
0.642632
0.642632
1.089421
1.089421
0.867461
0.867461
0.867461
1.089421
1.089421
1.524806
1.524806
1.524806
0.642632
0.642632
0.867461
0.867461
0.867461
0.867461
0.867461
0.642632
0.642632
0.642632
1.308530
1.308530
1.089421
1.089421
1.089421
1.089421
1.089421
1.089421
0.867461
0.867461
0.867461
1.089421
1.089421
1.308530
1.308530
1.308530
0.867461
0.867461
0.642632
0.642632
0.642632
1.308530
1.308530
1.089421
1.089421
1.089421
1.089421
1.089421
1.089421
1.089421
1.089421
1.089421
1.089421
1.089421
0.867461
0.867461
1.089421
1.089421
1.089421
1.089421
1.089421
0.642632
0.642632
0.642632
0.867461
0.867461
1.089421
1.089421
1.089421
0.642632
0.642632
0.867461
0.867461
0.867461
0.642632
0.642632
0.642632
1.089421
1.089421
1.089421
1.308530
1.308530
1.089421
1.089421
1.089421
0.867461
0.867461
0.642632
0.642632
0.642632
0.414918
0.414918
0.867461
0.867461
0.867461
0.642632
0.642632
0.867461
0.867461
0.867461
1.308530
1.308530
1.308530
1.308530
1.308530
0.867461
0.867461
0.867461
1.089421
1.089421
1.524806
1.524806
1.524806
0.867461
0.867461
1.089421
1.089421
1.089421
1.089421
1.089421
1.089421
1.089421
1.089421
0.867461
0.867461
1.308530
1.308530
1.308530
1.089421
1.089421
1.089421
1.089421
1.089421
1.089421
1.089421
1.089421
1.089421
1.089421
1.308530
1.308530
1.308530
1.308530
1.308530
1.524806
1.524806
1.524806
1.738265
1.738265
0.867461
0.867461
0.867461
0.867461
0.867461
1.089421
1.089421
1.089421
1.738265
1.738265
0.867461
0.867461
0.867461
1.524806
1.524806
1.089421
1.089421
1.089421
1.308530
1.308530
1.308530
1.089421
1.089421
1.308530
1.308530
1.308530
1.308530
1.308530
0.867461
0.867461
0.867461
0.642632
0.642632
0.867461
0.867461
0.867461
0.867461
0.867461
1.738265
1.738265
1.738265
1.738265
1.738265
1.308530
1.308530
1.308530
1.524806
1.524806
1.089421
1.089421
1.089421
0.414918
0.414918
1.089421
1.089421
1.089421
0.867461
0.867461
0.867461
0.867461
0.867461
1.308530
1.308530
1.308530
0.642632
0.642632
1.089421
1.089421
1.089421
