1.395918
1.395918
0.280746
0.280746
0.280746
1.395918
1.395918
0.155647
0.155647
1.395918
1.395918
1.395918
0.748472
0.748472
0.748472
0.066676
0.066676
0.155647
0.155647
0.155647
0.748472
0.748472
0.625607
0.625607
0.625607
0.586680
0.586680
1.532153
1.532153
1.532153
1.532153
1.532153
0.504909
0.504909
0.874827
0.874827
0.874827
0.066676
0.066676
0.066676
0.386362
0.386362
0.386362
0.504909
0.504909
1.130247
1.130247
1.130247
0.625607
0.625607
1.130247
1.130247
0.384729
0.384729
0.384729
1.261955
1.130247
1.130247
1.130247
1.532153
1.532153
1.532153
0.269947
0.269947
1.395918
1.395918
0.280746
0.280746
0.625607
0.625607
0.625607
0.874827
0.874827
1.000775
1.000775
1.000775
0.066676
0.066676
0.066676
0.386362
0.386362
0.748472
0.748472
0.748472
0.066676
0.066676
0.486702
0.486702
0.486702
0.280746
0.280746
0.269947
0.269947
0.269947
0.504909
0.504909
1.395918
1.395918
0.748472
0.748472
0.748472
0.625607
0.625607
0.625607
0.625607
0.625607
1.000775
1.000775
1.000775
0.043445
0.043445
1.130247
1.130247
1.130247
0.066676
0.066676
1.130247
1.130247
1.130247
1.130247
0.066676
0.066676
0.066676
1.000775
1.000775
1.130247
1.130247
1.130247
0.174734
0.174734
0.386362
0.386362
0.386362
1.000775
1.000775
1.000775
0.386362
0.386362
1.000775
1.000775
1.000775
0.873523
0.873523
0.625607
0.625607
0.625607
0.625607
0.174734
0.174734
0.174734
0.780725
0.780725
0.066676
0.066676
0.155647
0.155647
0.155647
1.532153
1.532153
1.532153
0.504909
0.504909
0.280746
0.280746
0.280746
0.873523
0.873523
0.504909
0.504909
0.504909
0.386362
0.386362
0.155647
0.155647
1.000775
1.000775
1.000775
0.504909
0.504909
0.625607
0.625607
0.155647
0.155647
0.155647
1.261955
1.261955
1.261955
1.261955
1.261955
0.386362
0.386362
0.386362
1.532153
1.532153
0.873523
0.873523
0.873523
1.532153
1.532153
0.780725
0.780725
0.780725
0.748472
0.748472
0.748472
1.532153
1.532153
0.486702
0.486702
0.486702
0.486702
0.486702
0.586680
0.586680
0.586680
1.261955
1.261955
0.873523
0.873523
0.873523
0.504909
0.504909
1.130247
1.130247
1.130247
0.504909
0.504909
1.261955
1.261955
1.261955
0.873523
0.873523
0.386362
0.386362
0.386362
0.504909
0.504909
0.155647
0.155647
0.155647
0.386362
0.386362
0.174734
0.174734
1.532153
1.532153
1.532153
1.532153
1.532153
1.532153
0.504909
0.504909
0.155647
0.155647
0.155647
0.174734
0.174734
0.174734
0.155647
0.155647
0.384729
0.384729
0.384729
0.625607
0.625607
0.155647
0.155647
0.155647
0.504909
0.504909
1.130247
1.130247
1.130247
0.155647
0.155647
1.261955
1.261955
1.261955
0.066676
0.066676
0.066676
0.625607
0.625607
0.269947
0.269947
0.269947
1.130247
1.130247
0.043445
0.043445
0.043445
1.261955
1.261955
0.873523
0.873523
0.386362
0.386362
0.386362
0.043445
0.043445
0.043445
0.155647
0.155647
0.269947
0.269947
0.269947
1.261955
1.261955
0.043445
0.043445
0.043445
0.386362
0.386362
0.269947
0.269947
0.269947
1.261955
1.261955
1.261955
1.395918
1.395918
1.532153
1.532153
1.532153
0.748472
0.748472
0.486702
0.486702
0.873523
0.873523
0.873523
0.280746
0.280746
1.232162
1.232162
1.232162
0.625607
0.625607
0.625607
1.130247
1.130247
1.130247
0.043445
0.043445
0.748472
0.748472
0.748472
0.269947
0.269947
0.384729
0.384729
0.384729
1.261955
1.261955
0.269947
0.269947
0.269947
0.625607
0.625607
0.384729
0.384729
0.384729
0.504909
0.504909
1.532153
1.532153
1.532153
0.155647
0.155647
0.155647
1.395918
1.395918
0.269947
0.269947
0.269947
0.504909
0.504909
0.967004
0.967004
0.967004
0.780725
0.780725
0.780725
0.780725
0.780725
1.130247
1.130247
1.130247
0.174734
0.174734
0.174734
0.748472
0.748472
1.261955
1.261955
1.261955
0.780725
0.780725
0.780725
0.280746
0.280746
0.625607
0.625607
0.625607
1.395918
1.395918
0.625607
0.625607
0.625607
0.504909
0.504909
0.504909
0.504909
0.504909
0.386362
0.386362
0.386362
1.395918
1.395918
1.130247
1.130247
1.130247
0.486702
0.486702
1.532153
1.532153
1.532153
0.269947
0.269947
0.504909
0.504909
0.504909
0.873523
0.873523
0.873523
0.174734
0.174734
0.174734
0.174734
0.174734
0.174734
1.130247
1.130247
1.532153
1.532153
1.532153
1.395918
1.395918
0.780725
0.780725
0.780725
0.155647
0.155647
1.000775
1.000775
1.000775
0.384729
0.384729
0.504909
0.504909
0.504909
0.386362
0.386362
1.130247
1.130247
1.130247
1.261955
1.261955
1.261955
1.532153
1.532153
0.269947
0.269947
0.269947
0.486702
0.486702
0.684682
0.684682
0.684682
0.155647
0.155647
1.261955
1.261955
1.261955
0.748472
0.748472
1.532153
1.532153
1.532153
0.043445
0.043445
0.043445
0.504909
0.504909
0.504909
0.625607
0.625607
0.748472
0.748472
0.748472
1.395918
1.395918
1.057274
1.057274
1.057274
1.000775
1.000775
0.043445
0.043445
0.043445
0.066676
0.066676
0.625607
0.625607
0.066676
0.066676
0.625607
0.625607
0.625607
0.625607
0.625607
0.625607
0.625607
0.625607
0.386362
0.386362
0.269947
0.269947
0.269947
0.043445
0.043445
0.174734
0.174734
0.174734
1.395918
1.395918
0.586680
0.586680
0.586680
1.000775
1.000775
1.000775
0.043445
0.043445
1.000775
1.000775
1.000775
1.532153
1.532153
0.155647
0.155647
0.155647
0.873523
0.873523
0.586680
0.586680
0.155647
0.155647
0.155647
0.155647
0.384729
0.384729
0.384729
0.625607
0.625607
0.873523
0.873523
0.873523
1.130247
1.130247
1.130247
1.261955
1.261955
1.261955
0.486702
0.486702
1.395918
1.395918
1.395918
0.269947
0.269947
0.043445
0.043445
0.043445
1.395918
1.395918
0.043445
0.043445
0.043445
0.174734
0.174734
0.174734
0.504909
0.504909
0.066676
0.066676
0.504909
0.504909
0.504909
1.395918
1.395918
1.261955
1.261955
1.261955
1.130247
1.130247
1.000775
1.000775
1.000775
0.873523
0.873523
0.873523
0.043445
0.043445
0.504909
0.504909
0.504909
0.873523
0.873523
0.748472
0.748472
0.748472
1.130247
1.130247
1.395918
1.395918
1.395918
0.625607
0.625607
0.043445
0.043445
0.043445
1.395918
1.395918
1.532153
1.532153
1.532153
1.000775
1.000775
1.000775
0.873523
0.873523
1.000775
1.000775
1.000775
0.625607
0.625607
0.386362
0.386362
0.748472
0.748472
0.748472
0.625607
0.625607
1.395918
1.395918
1.395918
0.384729
0.384729
1.532153
1.532153
1.532153
0.625607
0.625607
0.873523
0.873523
0.873523
0.280746
0.280746
0.174734
0.174734
0.174734
0.625607
0.625607
0.174734
0.174734
0.174734
0.586680
0.586680
0.174734
0.174734
0.625607
0.625607
0.625607
0.873523
0.873523
1.130247
1.130247
1.130247
0.625607
0.625607
0.384729
0.384729
0.384729
1.261955
1.261955
0.159398
0.159398
0.262321
0.262321
0.262321
0.209723
0.209723
0.329570
0.329570
0.329570
0.209723
0.209723
0.101379
0.101379
0.101379
0.101379
0.101379
0.275695
0.275695
0.275695
0.196885
0.196885
0.356491
0.356491
0.356491
0.196885
0.196885
0.196885
0.159398
0.159398
0.159398
0.159398
0.159398
0.369887
0.369887
0.249019
0.249019
0.249019
0.249019
0.383217
0.383217
0.262321
0.262321
0.262321
0.409607
0.409607
0.249019
0.249019
0.249019
0.262321
0.262321
0.209723
0.209723
0.209723
0.302591
0.302591
0.222703
0.222703
0.222703
0.222703
0.222703
0.171705
0.171705
0.171705
0.209723
0.209723
0.135434
0.135434
0.135434
0.275695
0.275695
0.249019
0.249019
0.249019
0.497332
0.497332
0.275695
0.275695
0.275695
0.171705
0.171705
0.184207
0.184207
0.184207
0.235807
0.235807
0.235807
0.222703
0.222703
0.222703
0.222703
0.222703
0.235807
0.235807
0.135434
0.135434
0.135434
0.262321
0.262321
0.249019
0.249019
0.249019
0.262321
0.262321
0.235807
0.235807
0.235807
0.329570
0.329570
0.316079
0.316079
0.316079
0.184207
0.184207
0.184207
0.222703
0.222703
0.171705
0.171705
0.171705
0.123813
0.123813
0.249019
0.249019
0.249019
0.112456
0.112456
0.235807
0.235807
0.235807
0.222703
0.222703
0.249019
0.249019
0.249019
0.209723
0.209723
0.209723
0.235807
0.235807
0.184207
0.184207
0.184207
0.275695
0.275695
0.262321
0.262321
0.262321
0.222703
0.222703
0.147302
0.147302
0.147302
0.222703
0.222703
0.222703
0.222703
0.222703
0.316079
0.316079
0.316079
0.159398
0.159398
0.159398
0.159398
0.262321
0.262321
0.262321
0.184207
0.184207
0.171705
0.171705
0.171705
0.209723
0.209723
0.209723
0.316079
0.316079
0.289124
0.289124
0.289124
0.090601
0.090601
0.196885
0.196885
0.196885
0.222703
0.222703
0.222703
0.222703
0.209723
0.209723
0.196885
0.196885
0.196885
0.235807
0.235807
0.171705
0.171705
0.171705
0.159398
0.159398
0.343046
0.343046
0.343046
0.249019
0.249019
0.196885
0.196885
0.196885
0.135434
0.135434
0.235807
0.235807
0.235807
0.184207
0.184207
0.184207
0.184207
0.184207
0.112456
0.112456
0.235807
0.235807
0.235807
0.289124
0.289124
0.196885
0.196885
0.196885
0.262321
0.262321
0.249019
0.249019
0.249019
0.275695
0.275695
0.184207
0.184207
0.184207
0.184207
0.184207
0.184207
0.147302
0.147302
0.147302
0.235807
0.235807
0.262321
0.262321
0.262321
0.135434
0.135434
0.147302
0.147302
0.147302
0.112456
0.112456
0.112456
0.112456
0.112456
0.249019
0.249019
0.262321
0.262321
0.262321
0.135434
0.135434
0.196885
0.196885
0.196885
0.209723
0.209723
0.289124
0.289124
0.289124
0.235807
0.235807
0.235807
0.235807
0.235807
0.329570
0.329570
0.262321
0.262321
0.262321
0.289124
0.289124
0.289124
0.147302
0.147302
0.147302
0.249019
0.249019
0.262321
0.262321
0.262321
0.159398
0.159398
0.159398
0.222703
0.222703
0.235807
0.235807
0.235807
0.159398
0.159398
0.135434
0.135434
0.135434
0.222703
0.222703
0.262321
0.262321
0.262321
0.222703
0.222703
0.135434
0.135434
0.135434
0.184207
0.184207
0.159398
0.159398
0.159398
0.235807
0.235807
0.196885
0.196885
0.196885
0.171705
0.171705
0.209723
0.209723
0.209723
0.209723
0.209723
0.184207
0.184207
0.184207
0.171705
0.171705
0.171705
0.222703
0.222703
0.070009
0.070009
0.070009
0.070009
0.070009
0.222703
0.222703
0.222703
0.159398
0.159398
0.329570
0.329570
0.329570
0.289124
0.289124
0.249019
0.249019
0.249019
0.369887
0.369887
0.249019
0.249019
0.249019
0.159398
0.159398
0.184207
0.184207
0.184207
0.262321
0.262321
0.262321
0.209723
0.209723
0.222703
0.222703
0.222703
0.112456
0.112456
0.222703
0.222703
0.222703
0.275695
0.275695
0.249019
0.249019
0.249019
0.289124
0.289124
0.289124
0.135434
0.135434
0.196885
0.196885
0.196885
0.235807
0.235807
0.369887
0.369887
0.369887
0.302591
0.302591
0.262321
0.262321
0.262321
0.275695
0.275695
0.356491
0.356491
0.356491
0.235807
0.235807
0.422634
0.422634
0.422634
0.222703
0.222703
0.302591
0.302591
0.302591
0.159398
0.159398
0.159398
0.159398
0.159398
0.316079
0.316079
0.316079
0.275695
0.275695
0.316079
0.316079
0.316079
0.171705
0.171705
0.209723
0.209723
0.209723
0.196885
0.196885
0.329570
0.329570
0.329570
0.184207
0.184207
0.159398
0.159398
0.159398
0.275695
0.275695
0.275695
0.289124
0.289124
0.249019
0.249019
0.249019
0.209723
0.209723
0.343046
0.343046
0.343046
0.249019
0.249019
0.235807
0.235807
0.235807
0.123813
0.123813
0.147302
0.147302
0.147302
0.316079
0.316079
0.159398
0.159398
0.159398
0.184207
0.184207
0.196885
0.196885
0.196885
0.235807
0.235807
0.135434
0.135434
0.135434
0.289124
0.289124
0.289124
0.196885
0.196885
0.196885
0.289124
0.289124
0.060230
0.060230
0.060230
0.275695
0.275695
0.302591
0.302591
0.302591
0.209723
0.209723
0.275695
0.275695
0.275695
0.249019
0.249019
0.302591
0.302591
0.302591
0.184207
0.184207
0.171705
0.171705
0.171705
0.235807
0.235807
0.249019
0.249019
0.249019
0.275695
0.275695
0.147302
0.147302
0.147302
0.329570
0.329570
0.275695
0.275695
0.275695
0.184207
0.184207
0.262321
0.262321
0.262321
0.171705
0.171705
0.171705
0.196885
0.196885
0.196885
0.235807
0.235807
0.235807
0.196885
0.196885
0.302591
0.302591
0.302591
0.171705
0.171705
0.235807
0.235807
0.235807
0.159398
0.159398
0.135434
0.135434
0.135434
0.249019
0.249019
0.123813
0.123813
0.123813
0.289124
0.289124
0.383217
0.383217
0.383217
0.275695
0.275695
0.184207
0.184207
0.184207
0.222703
0.222703
0.080139
0.080139
0.080139
0.209723
0.209723
0.171705
0.171705
0.171705
0.262321
0.262321
0.159398
0.159398
0.159398
0.159398
0.101379
0.101379
0.101379
0.289124
0.289124
0.343046
0.343046
0.343046
0.090601
0.090601
0.171705
0.171705
0.171705
0.101379
0.101379
0.329570
0.329570
0.329570
0.171705
0.171705
0.329570
0.329570
0.329570
0.343046
0.343046
0.171705
0.171705
0.171705
0.209723
0.209723
0.209723
0.171705
0.171705
0.123813
0.123813
0.123813
0.147302
0.147302
0.209723
0.209723
0.209723
0.289124
0.289124
0.196885
0.196885
0.196885
0.159398
0.159398
0.289124
0.289124
0.289124
0.275695
0.275695
0.275695
0.316079
0.316079
0.147302
0.147302
0.147302
0.316079
0.316079
0.159398
0.159398
0.159398
0.209723
0.209723
0.235807
0.235807
0.235807
0.159398
0.159398
0.112456
0.112456
0.112456
0.209723
0.209723
0.209723
0.316079
0.316079
0.262321
0.262321
0.262321
0.184207
0.184207
0.159398
0.159398
0.159398
0.249019
0.249019
0.105251
0.105251
0.404401
0.404401
0.404401
0.717989
0.717989
0.717989
0.105251
0.105251
0.597425
0.597425
0.597425
0.336743
0.336743
0.336743
0.336743
0.336743
0.832220
0.832220
0.470389
0.470389
0.470389
0.658507
0.658507
0.658507
0.658507
0.658507
0.658507
0.658507
0.658507
0.105251
0.105251
0.336743
0.336743
0.336743
0.887004
0.887004
0.658507
0.658507
0.658507
0.534725
0.534725
0.887004
0.887004
0.887004
0.597425
0.597425
0.404401
0.404401
0.404401
0.470389
0.470389
0.336743
0.336743
0.336743
0.027207
0.027207
0.775887
0.775887
0.775887
0.470389
0.470389
0.470389
0.658507
0.658507
0.534725
0.534725
0.534725
0.336743
0.336743
0.336743
0.336743
0.336743
0.832220
0.832220
0.196347
0.196347
0.196347
0.336743
0.336743
0.336743
0.717989
0.717989
0.404401
0.404401
0.404401
0.196347
0.196347
0.267397
0.267397
0.267397
0.795555
0.795555
0.597425
0.597425
0.597425
0.775887
0.775887
0.775887
0.336743
0.336743
0.404401
0.404401
0.404401
0.597425
0.597425
0.267397
0.267397
0.267397
0.196347
0.196347
0.470389
0.470389
0.470389
0.775887
0.775887
0.658507
0.658507
0.658507
0.470389
0.470389
0.123574
0.123574
0.123574
0.267397
0.267397
0.597425
0.597425
0.597425
0.597425
0.470389
0.470389
0.597425
0.597425
0.597425
0.775887
0.775887
0.991995
0.991995
0.991995
0.123574
0.123574
0.775887
0.775887
0.775887
0.123574
0.123574
0.049062
0.049062
0.049062
0.470389
0.470389
0.470389
0.717989
0.717989
0.404401
0.404401
0.404401
0.597425
0.597425
0.470389
0.470389
0.470389
0.887004
0.887004
1.184160
1.184160
1.184160
0.940256
0.940256
0.658507
0.658507
0.658507
0.267397
0.267397
0.105251
0.105251
0.105251
0.105251
0.105251
0.105251
0.267397
0.267397
0.105251
0.105251
0.105251
0.534725
0.534725
0.887004
0.887004
0.887004
0.887004
0.887004
0.105251
0.105251
0.105251
0.470389
0.470389
0.336743
0.336743
0.336743
0.717989
0.717989
0.717989
0.105251
0.105251
0.658507
0.658507
0.658507
0.267397
0.267397
0.049062
0.049062
0.049062
0.991995
0.991995
0.123574
0.123574
0.123574
0.658507
0.658507
0.775887
0.775887
0.775887
0.404401
0.404401
0.336743
0.336743
0.336743
0.658507
0.658507
0.658507
0.470389
0.470389
0.534725
0.534725
0.534725
0.404401
0.404401
0.404401
0.196347
0.196347
0.267397
0.267397
0.267397
0.534725
0.534725
0.597425
0.597425
0.597425
0.336743
0.336743
0.940256
0.940256
0.940256
0.123574
0.123574
0.534725
0.534725
0.534725
0.123574
0.123574
0.597425
0.597425
0.597425
0.404401
0.404401
0.832220
0.832220
0.832220
0.267397
0.267397
0.534725
0.534725
0.534725
0.196347
0.196347
0.196347
0.196347
0.196347
0.336743
0.336743
0.336743
0.123574
0.123574
0.336743
0.336743
0.336743
0.658507
0.658507
0.887004
0.887004
0.887004
0.350200
0.350200
0.336743
0.336743
0.336743
0.522689
0.522689
0.404401
0.404401
0.404401
1.042238
1.042238
0.123574
0.123574
0.123574
0.404401
0.404401
0.404401
0.404401
0.404401
1.091001
1.091001
1.091001
0.658507
0.658507
0.404401
0.404401
0.404401
0.597425
0.597425
0.470389
0.470389
0.470389
0.470389
0.470389
0.049062
0.049062
0.049062
0.775887
0.775887
0.775887
0.534725
0.534725
0.470389
0.470389
0.470389
0.940256
0.940256
0.597425
0.597425
0.597425
0.267397
0.267397
0.534725
0.534725
0.534725
0.611743
0.611743
0.611743
0.267397
0.267397
0.267397
0.267397
0.267397
0.597425
0.597425
0.196347
0.196347
0.196347
0.717989
0.717989
0.832220
0.832220
0.832220
0.470389
0.470389
0.267397
0.267397
0.267397
0.597425
0.597425
0.658507
0.658507
0.658507
0.470389
0.470389
0.196347
0.196347
0.196347
0.196347
0.658507
0.658507
0.049062
0.049062
0.049062
0.534725
0.534725
0.336743
0.336743
0.336743
0.267397
0.267397
0.534725
0.534725
0.534725
0.266730
0.266730
0.266730
0.940256
0.940256
1.184160
1.184160
1.184160
0.123574
0.123574
0.185086
0.185086
0.185086
0.717989
0.717989
0.887004
0.887004
0.887004
0.267397
0.267397
0.832220
0.832220
0.832220
0.940256
0.940256
0.597425
0.597425
0.597425
0.185086
0.185086
0.470389
0.470389
0.470389
0.404401
0.404401
0.404401
0.404401
0.775887
0.775887
0.887004
0.887004
0.887004
0.336743
0.336743
0.534725
0.534725
0.534725
0.470389
0.470389
0.534725
0.534725
0.534725
0.611743
0.611743
0.435514
0.435514
0.435514
0.196347
0.196347
0.717989
0.717989
0.717989
0.534725
0.534725
0.196347
0.196347
0.196347
0.196347
0.196347
0.196347
0.404401
0.404401
0.336743
0.336743
0.336743
0.267397
0.267397
0.123574
0.123574
0.123574
0.049062
0.049062
0.658507
0.658507
0.658507
0.267397
0.267397
0.267397
0.123574
0.123574
0.991995
0.991995
0.991995
0.404401
0.404401
0.267397
0.267397
0.267397
0.775887
0.775887
0.123574
0.123574
0.123574
0.470389
0.470389
0.658507
0.658507
0.658507
0.267397
0.267397
0.534725
0.534725
0.534725
0.267397
0.267397
0.267397
0.266730
0.266730
0.534725
0.534725
0.534725
0.832220
0.832220
0.049062
0.049062
0.049062
0.534725
0.534725
0.534725
0.534725
0.534725
0.658507
0.658507
0.832220
0.832220
0.832220
0.832220
0.940256
0.940256
0.196347
0.196347
0.196347
0.049062
0.049062
1.042238
1.042238
1.042238
0.775887
0.775887
0.336743
0.336743
0.336743
0.775887
0.775887
0.940256
0.940256
0.940256
0.267397
0.267397
0.940256
0.940256
0.940256
0.027207
0.027207
0.027207
0.775887
0.775887
0.123574
0.123574
0.123574
0.775887
0.775887
0.267397
0.267397
0.267397
0.534725
0.534725
0.658507
0.658507
0.658507
0.196347
0.196347
0.267397
0.267397
0.267397
0.123574
0.123574
0.123574
0.658507
0.658507
0.597425
0.597425
0.597425
0.049062
0.049062
0.196347
0.196347
0.196347
0.717989
0.717989
0.404401
0.404401
0.404401
0.267397
0.267397
0.470389
0.470389
0.470389
0.196347
0.196347
0.470389
0.470389
0.470389
0.049062
0.049062
0.470389
0.470389
0.470389
0.717989
0.717989
0.832220
0.832220
0.832220
0.196347
0.196347
0.196347
0.470389
0.470389
1.184160
1.184160
1.184160
0.775887
0.775887
0.196347
0.196347
0.196347
0.404401
0.404401
0.404401
0.832220
0.832220
0.267397
0.267397
0.267397
0.597425
0.597425
0.105251
0.105251
0.105251
0.105251
0.105251
0.404401
0.404401
0.404401
0.266730
0.266730
0.123574
0.123574
0.123574
0.470389
0.470389
0.470389
0.991995
0.991995
0.534725
0.534725
0.534725
0.267397
0.267397
0.266730
0.266730
0.266730
0.717989
0.717989
0.470389
0.470389
0.470389
0.597425
0.597425
0.597425
0.597425
0.597425
0.470389
0.470389
0.435514
0.435514
0.435514
0.658507
0.658507
0.658507
0.597425
0.597425
0.597425
0.534725
0.534725
0.470389
0.470389
0.470389
0.534725
0.534725
0.267397
0.267397
0.267397
0.775887
0.775887
0.717989
0.717989
0.717989
0.049062
0.049062
0.887004
0.887004
0.887004
0.534725
0.534725
0.534725
0.658507
0.658507
0.470389
0.470389
0.470389
0.196347
0.196347
0.049062
0.049062
0.049062
0.336743
0.336743
0.597425
0.597425
0.597425
0.832220
0.832220
0.196347
0.196347
0.196347
0.717989
0.717989
0.717989
0.832220
0.832220
0.336743
0.336743
0.336743
0.267397
0.267397
0.887004
0.887004
0.887004
0.832220
0.832220
0.267397
0.267397
0.267397
0.196347
0.196347
0.336743
0.336743
0.336743
0.658507
0.658507
0.887004
0.887004
0.887004
0.196347
0.196347
1.186485
1.186485
1.186485
0.832220
0.832220
0.470389
0.470389
0.470389
0.890348
0.890348
0.890348
0.658507
0.658507
0.832220
0.832220
0.832220
0.123574
0.123574
0.350200
0.350200
0.350200
0.046962
1.061607
1.061607
1.061607
1.278205
1.278205
0.757044
0.757044
0.757044
0.559269
0.559269
0.282030
0.282030
0.282030
0.601146
0.601146
0.118777
0.118777
0.118777
0.046962
0.046962
0.442813
0.442813
0.442813
0.282030
0.282030
0.910525
0.910525
0.910525
0.601146
0.601146
1.210307
1.210307
1.210307
0.282030
0.282030
0.757044
0.757044
0.757044
0.442813
0.442813
0.442813
0.442813
0.442813
0.282030
0.282030
0.215204
0.215204
0.215204
0.046962
0.046962
0.046962
1.061607
1.061607
1.061607
0.757044
0.757044
0.046962
0.046962
0.046962
0.757044
0.757044
0.282030
0.282030
1.210307
1.210307
1.210307
0.046962
0.046962
0.442813
0.442813
0.442813
0.757044
0.757044
0.442813
0.442813
0.442813
0.118777
0.118777
0.757044
0.757044
0.559269
0.559269
0.559269
1.500631
1.500631
1.061607
1.061607
1.061607
0.910525
0.910525
0.910525
0.910525
0.910525
0.442813
0.442813
0.442813
1.500631
1.500631
1.500631
1.356643
1.356643
0.118777
0.118777
0.118777
0.118777
0.118777
0.601146
0.601146
0.601146
0.757044
0.757044
0.118777
0.118777
0.118777
0.757044
0.757044
0.601146
0.601146
0.601146
0.910525
0.910525
0.757044
0.757044
0.757044
0.118777
0.118777
0.910525
0.910525
0.910525
0.442813
0.442813
0.282030
0.282030
0.282030
0.442813
0.442813
1.500631
1.500631
1.500631
0.559269
0.559269
0.442813
0.442813
0.442813
1.061607
1.061607
1.061607
0.601146
0.601146
0.601146
0.601146
0.601146
1.061607
1.061607
0.046962
0.046962
0.046962
0.215204
0.215204
0.442813
0.442813
0.442813
0.757044
0.757044
0.910525
0.910525
0.910525
0.442813
0.442813
0.046962
0.046962
0.046962
0.046962
0.046962
1.061607
1.061607
1.061607
0.442813
0.442813
0.913556
0.913556
0.913556
0.118777
0.118777
0.118777
0.118777
0.118777
0.757044
0.757044
0.757044
0.601146
0.601146
1.500631
1.500631
1.500631
0.118777
0.118777
0.118777
0.282030
0.282030
0.442813
0.442813
0.442813
1.094577
1.094577
1.210307
1.210307
1.210307
0.910525
0.910525
1.210307
1.210307
1.210307
0.757044
0.757044
0.442813
0.442813
0.442813
0.757044
0.757044
1.500631
1.500631
1.500631
0.046962
0.046962
0.601146
0.601146
0.601146
0.757044
0.757044
0.910525
0.910525
0.910525
0.118777
0.118777
1.210307
1.210307
1.210307
0.442813
0.442813
0.118777
0.118777
0.118777
0.046962
0.046962
0.046962
0.601146
0.601146
1.061607
1.061607
1.061607
0.601146
0.601146
0.757044
0.757044
0.757044
0.910525
0.910525
1.500631
1.500631
1.500631
1.210307
1.210307
0.910525
0.910525
0.910525
0.910525
0.910525
0.601146
0.601146
0.601146
0.757044
0.757044
0.282030
0.282030
0.282030
0.601146
0.601146
0.215204
0.215204
0.215204
0.601146
0.601146
0.118777
0.118777
0.118777
0.046962
0.046962
0.215204
0.215204
0.215204
0.735126
0.735126
0.735126
0.757044
0.757044
0.757044
1.210307
1.210307
0.442813
0.442813
0.442813
0.910525
0.910525
0.757044
0.757044
0.757044
0.046962
0.046962
0.118777
0.118777
0.118777
0.118777
0.118777
0.282030
0.282030
0.282030
0.601146
0.601146
1.061607
1.061607
1.061607
0.215204
0.215204
0.757044
0.757044
0.757044
0.118777
0.118777
0.910525
0.910525
0.910525
0.385967
0.385967
0.601146
0.601146
0.601146
1.061607
1.061607
0.118777
0.118777
0.118777
0.601146
0.601146
0.757044
0.757044
0.757044
0.442813
0.442813
0.442813
0.118777
0.118777
0.757044
0.757044
0.757044
0.601146
0.601146
0.910525
0.910525
0.910525
0.601146
0.601146
1.500631
1.500631
1.500631
1.500631
1.500631
0.757044
0.757044
0.757044
0.118777
0.118777
0.282030
0.282030
0.282030
0.601146
0.601146
1.356643
1.356643
1.356643
0.282030
0.282030
0.282030
0.282030
0.282030
0.910525
0.910525
1.061607
1.061607
1.061607
0.046962
0.046962
0.385967
0.385967
0.385967
0.046962
0.046962
0.046962
0.118777
0.118777
0.118777
0.735126
0.735126
0.442813
0.442813
0.442813
0.215204
0.215204
1.464459
1.464459
1.464459
0.757044
0.757044
0.757044
0.757044
0.757044
0.442813
0.442813
0.282030
0.282030
0.282030
0.442813
0.442813
0.046962
0.046962
0.046962
0.215204
0.215204
0.735126
0.735126
0.735126
1.500631
1.500631
0.282030
0.282030
0.282030
0.757044
0.757044
0.046962
0.046962
0.046962
0.910525
0.910525
0.910525
0.215204
0.215204
0.215204
0.559269
0.559269
0.559269
0.385967
0.385967
0.118777
0.118777
0.118777
0.910525
0.910525
0.215204
0.215204
0.215204
0.757044
0.757044
0.385967
0.385967
0.385967
0.118777
0.118777
0.910525
0.910525
0.910525
0.046962
0.046962
0.282030
0.282030
0.282030
0.118777
0.118777
1.094577
1.094577
1.094577
0.282030
0.282030
0.282030
0.282030
0.282030
1.061607
1.061607
0.910525
0.910525
0.910525
0.442813
0.442813
0.442813
0.282030
0.282030
0.046962
0.046962
0.046962
0.601146
0.601146
0.118777
0.118777
0.118777
0.442813
0.442813
0.282030
0.282030
0.282030
0.282030
0.282030
0.601146
0.601146
0.601146
1.500631
1.500631
0.757044
0.757044
0.757044
1.061607
1.061607
0.910525
0.910525
0.910525
0.757044
0.757044
0.757044
0.735126
0.735126
0.601146
0.601146
0.601146
0.118777
0.118777
0.735126
0.735126
0.735126
1.356643
1.356643
0.601146
0.601146
0.601146
0.118777
0.118777
0.118777
1.500631
1.500631
0.385967
0.385967
0.385967
0.757044
0.757044
0.757044
1.061607
1.061607
1.210307
1.210307
1.210307
1.061607
1.061607
0.601146
0.601146
0.601146
0.385967
0.385967
0.910525
0.910525
0.910525
1.061607
1.061607
0.118777
0.118777
0.118777
0.046962
0.046962
1.356643
1.356643
1.356643
0.385967
0.385967
0.601146
0.601146
0.601146
0.910525
0.910525
0.282030
0.282030
0.282030
0.910525
0.910525
0.046962
0.046962
0.046962
0.046962
0.046962
0.046962
0.282030
0.282030
0.282030
0.215204
0.215204
0.215204
1.356643
1.356643
0.910525
0.910525
0.910525
0.118777
0.118777
0.442813
0.442813
0.442813
0.118777
0.118777
0.910525
0.910525
0.910525
0.601146
0.601146
0.601146
0.442813
0.442813
0.601146
0.601146
0.601146
0.118777
0.118777
0.046962
0.046962
0.046962
0.559269
0.559269
0.442813
0.442813
0.442813
1.061607
1.061607
0.118777
0.118777
0.118777
0.282030
0.282030
0.046962
0.046962
0.046962
1.061607
1.061607
1.061607
0.735126
0.735126
0.442813
0.442813
0.601146
0.601146
0.601146
0.385967
0.385967
0.282030
0.282030
0.282030
0.282030
0.282030
0.442813
0.442813
0.442813
1.061607
1.061607
1.061607
0.442813
0.442813
0.442813
0.442813
0.442813
0.757044
0.757044
0.910525
0.910525
0.910525
0.601146
0.601146
0.046962
0.046962
0.046962
0.442813
0.442813
0.601146
0.601146
0.601146
0.046962
0.046962
0.385967
0.385967
1.061607
1.061607
1.061607
0.910525
0.910525
0.118777
0.118777
0.118777
0.601146
0.601146
0.601146
0.910525
0.910525
0.046962
0.046962
0.046962
0.118777
0.118777
0.910525
0.910525
0.910525
0.118777
0.118777
0.442813
0.442813
0.442813
0.282030
0.282030
0.442813
0.442813
0.442813
1.356643
1.356643
0.118777
0.118777
0.118777
0.282030
0.282030
0.118777
0.118777
0.118777
0.282030
0.282030
0.757044
0.757044
0.757044
0.385967
0.385967
0.385967
0.385967
0.385967
0.118777
0.118777
0.118777
0.601146
0.601146
0.118777
0.118777
0.118777
1.210307
1.210307
1.210307
1.210307
1.210307
0.601146
0.601146
1.061607
1.061607
1.061607
0.601146
0.601146
1.061607
1.061607
1.061607
0.910525
0.910525
0.559269
0.559269
0.559269
0.757044
0.757044
0.118777
0.118777
0.118777
0.910525
0.910525
0.282030
0.282030
0.282030
0.046962
0.046962
0.118777
0.118777
0.118777
0.118777
1.061607
1.061607
0.442813
0.442813
0.442813
0.385967
0.385967
0.282030
0.282030
0.282030
0.757044
0.757044
0.601146
0.601146
0.601146
0.757044
0.757044
1.210307
1.210307
1.210307
0.046962
0.046962
1.061607
1.061607
1.061607
0.601146
0.601146
0.118777
0.118777
0.118777
0.601146
0.601146
1.210307
1.210307
1.210307
0.046962
0.046962
0.282030
0.282030
0.282030
0.282030
0.282030
0.118777
0.118777
0.118777
0.442813
0.442813
0.282030
0.282030
0.282030
0.282030
0.118777
0.118777
0.118777
0.118777
0.118777
0.046962
0.046962
0.118777
0.118777
0.118777
0.282030
0.282030
0.215204
0.215204
0.215204
0.735126
0.735126
0.910525
0.910525
0.910525
0.215204
0.215204
0.282030
0.282030
0.282030
0.910525
0.910525
0.385967
0.385967
0.385967
0.442813
0.442813
0.601146
0.601146
0.601146
0.118777
0.118777
0.282030
0.282030
0.282030
0.757044
0.757044
0.757044
0.282030
0.282030
0.118777
0.118777
0.118777
0.910525
0.910525
0.910525
0.385967
0.385967
0.385967
0.757044
0.757044
0.215204
0.215204
0.215204
0.757044
0.757044
0.442813
0.442813
0.442813
1.061607
1.061607
0.046962
0.046962
0.046962
0.757044
0.757044
0.046962
0.046962
0.046962
0.910525
0.910525
0.910525
1.210307
1.210307
0.046962
0.046962
0.046962
0.757044
0.757044
0.118777
0.118777
0.118777
0.118777
1.089421
1.089421
1.089421
1.089421
1.089421
1.089421
0.867461
0.867461
1.308530
1.308530
1.308530
1.308530
1.308530
1.308530
1.089421
1.089421
1.089421
0.867461
0.867461
1.089421
1.089421
1.308530
1.308530
1.308530
1.089421
1.089421
0.867461
0.867461
0.867461
0.867461
0.867461
1.089421
1.089421
1.089421
1.524806
1.524806
1.524806
0.867461
0.867461
0.642632
0.642632
0.642632
1.308530
1.308530
0.867461
0.867461
0.867461
0.867461
0.867461
1.524806
1.524806
1.524806
0.867461
0.867461
0.642632
0.642632
0.642632
1.089421
1.089421
1.089421
0.867461
0.867461
1.089421
1.089421
1.089421
1.089421
1.089421
0.642632
0.642632
0.642632
0.642632
0.642632
0.867461
0.867461
0.867461
0.867461
0.867461
1.308530
1.308530
1.308530
0.867461
0.867461
0.867461
0.867461
0.867461
1.089421
1.089421
1.089421
1.308530
1.308530
1.089421
1.089421
1.089421
1.524806
1.524806
0.867461
0.867461
0.867461
1.089421
1.089421
1.089421
1.308530
1.308530
1.308530
1.308530
1.308530
0.642632
0.642632
0.642632
1.089421
1.089421
0.867461
0.867461
0.867461
1.524806
1.524806
0.867461
0.867461
0.867461
1.524806
1.524806
0.642632
0.642632
0.642632
0.867461
0.867461
0.867461
1.524806
1.524806
1.089421
1.089421
1.089421
1.524806
1.524806
0.414918
0.414918
0.414918
0.642632
0.642632
0.867461
0.867461
0.867461
0.867461
0.867461
0.867461
0.867461
0.642632
0.642632
0.642632
0.867461
0.867461
0.867461
0.867461
0.867461
1.308530
1.308530
0.867461
0.867461
0.867461
0.867461
0.867461
0.867461
1.524806
1.524806
1.308530
1.308530
1.308530
1.089421
1.089421
1.524806
1.524806
1.524806
0.867461
0.867461
1.089421
1.089421
1.089421
0.867461
0.867461
1.089421
1.089421
1.089421
1.308530
1.308530
1.308530
1.308530
1.308530
1.308530
1.308530
0.642632
0.642632
0.642632
0.642632
0.642632
0.867461
0.867461
0.867461
1.089421
1.089421
0.867461
0.867461
0.867461
0.642632
0.642632
0.867461
0.867461
0.867461
0.867461
0.867461
1.089421
1.089421
1.089421
1.089421
1.089421
1.308530
1.308530
1.308530
0.867461
0.867461
0.867461
1.089421
1.089421
1.308530
1.308530
1.308530
1.089421
1.089421
1.089421
0.867461
0.867461
0.867461
0.867461
0.867461
0.867461
0.867461
1.089421
1.089421
1.089421
1.524806
1.524806
1.089421
1.089421
1.089421
1.308530
1.308530
1.089421
1.089421
1.089421
0.867461
0.867461
0.867461
0.867461
0.867461
1.308530
1.308530
1.089421
1.089421
1.089421
1.524806
1.524806
1.524806
1.089421
1.089421
1.089421
1.089421
1.089421
0.867461
0.867461
0.867461
0.867461
0.642632
0.642632
0.642632
0.642632
0.867461
0.867461
0.642632
0.642632
0.642632
1.524806
1.524806
0.867461
0.867461
0.867461
1.089421
1.089421
0.867461
0.867461
0.867461
1.089421
1.089421
0.867461
0.867461
0.867461
1.308530
1.308530
0.867461
0.867461
0.867461
1.308530
1.308530
1.308530
1.308530
1.308530
1.089421
1.089421
1.089421
0.867461
0.867461
1.089421
1.089421
1.089421
0.867461
0.867461
0.642632
0.642632
0.642632
0.867461
0.867461
1.089421
1.089421
1.089421
1.524806
1.524806
1.524806
0.642632
0.642632
0.867461
0.867461
0.867461
1.308530
1.308530
0.867461
0.867461
0.867461
0.867461
0.867461
1.089421
1.089421
1.089421
1.308530
1.308530
0.867461
0.867461
0.867461
1.089421
1.089421
0.867461
0.867461
0.867461
1.089421
1.089421
0.867461
0.867461
0.867461
0.642632
0.642632
0.642632
0.867461
0.867461
1.308530
1.308530
1.308530
0.867461
0.867461
0.642632
0.642632
0.642632
0.414918
0.414918
0.414918
1.308530
1.308530
1.308530
1.089421
1.089421
1.308530
1.308530
1.308530
1.089421
1.089421
0.642632
0.642632
0.642632
1.089421
1.089421
0.642632
0.642632
0.642632
1.089421
1.089421
1.089421
0.867461
0.867461
0.642632
0.642632
0.642632
0.867461
0.867461
0.867461
0.867461
0.867461
0.642632
0.642632
0.642632
0.867461
0.867461
0.867461
0.867461
0.867461
1.308530
1.308530
1.308530
1.308530
1.308530
1.089421
1.089421
1.524806
1.524806
1.524806
1.524806
1.308530
1.308530
1.089421
1.089421
1.089421
0.867461
0.867461
0.867461
0.867461
0.867461
0.867461
0.867461
0.867461
0.867461
0.867461
0.642632
0.642632
0.642632
0.867461
0.867461
1.308530
1.308530
1.308530
1.089421
1.089421
1.089421
0.867461
0.867461
1.308530
1.308530
1.308530
1.089421
1.089421
0.867461
0.867461
0.867461
0.867461
0.867461
1.089421
1.089421
1.089421
1.308530
1.308530
1.089421
1.089421
1.089421
1.089421
1.089421
1.089421
1.089421
1.089421
1.089421
1.089421
1.089421
0.867461
0.867461
1.089421
1.089421
1.089421
1.524806
1.524806
0.642632
0.642632
0.642632
0.642632
0.642632
1.308530
1.308530
1.308530
1.089421
1.089421
0.867461
0.867461
0.867461
1.308530
1.308530
1.308530
1.089421
1.089421
1.308530
1.308530
1.308530
0.642632
0.642632
0.642632
0.642632
0.642632
1.308530
1.308530
1.089421
1.089421
1.089421
0.867461
0.867461
1.308530
1.308530
1.308530
1.308530
1.308530
1.308530
1.308530
1.308530
0.867461
0.867461
1.089421
1.089421
1.089421
0.867461
0.867461
1.089421
1.089421
1.089421
1.524806
1.524806
1.308530
1.308530
1.308530
0.867461
0.867461
1.308530
1.308530
1.308530
0.867461
0.867461
1.089421
1.089421
1.089421
0.867461
0.867461
0.867461
1.089421
1.089421
0.867461
0.867461
0.867461
0.642632
0.642632
0.867461
0.867461
1.089421
1.089421
1.089421
0.867461
0.867461
1.308530
1.308530
1.308530
1.308530
0.642632
0.642632
1.524806
1.524806
1.524806
1.308530
1.308530
0.642632
0.642632
0.642632
0.867461
0.867461
0.642632
0.642632
0.642632
1.089421
1.089421
1.308530
1.308530
1.308530
1.524806
1.524806
1.524806
1.089421
1.089421
0.867461
0.867461
0.867461
0.867461
0.867461
0.867461
1.089421
1.089421
1.089421
1.089421
1.089421
0.867461
0.867461
1.089421
1.089421
0.867461
0.867461
0.867461
0.642632
0.642632
0.642632
1.308530
1.308530
1.089421
1.089421
1.089421
0.642632
0.642632
0.642632
0.642632
0.642632
0.642632
0.642632
0.867461
0.867461
0.867461
1.308530
1.308530
0.867461
0.867461
0.867461
1.089421
1.089421
1.089421
0.867461
0.867461
0.642632
0.642632
0.642632
0.867461
0.867461
0.867461
0.867461
0.867461
0.642632
0.642632
0.867461
0.867461
0.867461
0.642632
0.642632
0.642632
1.089421
1.089421
1.089421
1.089421
1.089421
1.089421
0.867461
0.867461
1.089421
1.089421
1.089421
1.308530
1.308530
0.867461
0.867461
0.867461
1.089421
1.089421
1.308530
1.308530
1.308530
0.867461
0.867461
0.867461
0.867461
0.867461
1.089421
1.089421
0.867461
0.867461
0.867461
1.089421
1.089421
0.867461
0.867461
0.867461
1.308530
1.308530
0.867461
0.867461
0.867461
1.308530
1.308530
1.089421
1.089421
1.089421
1.089421
1.089421
0.414918
0.414918
0.414918
0.867461
0.867461
0.867461
1.089421
1.089421
0.867461
0.867461
0.867461
0.867461
0.867461
0.642632
0.642632
0.642632
0.867461
0.867461
1.089421
1.089421
1.089421
1.308530
1.308530
0.642632
0.642632
0.642632
0.867461
0.867461
1.308530
1.308530
1.308530
1.089421
1.089421
1.089421
1.089421
1.089421
1.308530
1.308530
1.089421
1.089421
1.089421
1.089421
1.089421
1.089421
1.308530
1.308530
1.089421
1.089421
1.089421
0.867461
0.867461
1.089421
1.089421
1.089421
1.524806
1.524806
1.524806
1.524806
1.524806
0.867461
0.867461
0.867461
0.867461
0.867461
1.308530
1.308530
0.867461
0.867461
0.867461
1.308530
1.308530
0.867461
0.867461
0.867461
1.089421
1.089421
0.867461
0.867461
0.867461
1.308530
1.308530
0.867461
0.867461
0.867461
1.308530
1.308530
0.642632
0.642632
0.642632
1.308530
1.308530
1.308530
1.308530
1.308530
1.089421
1.089421
1.089421
1.089421
1.089421
1.308530
1.308530
0.642632
0.642632
0.642632
1.308530
1.308530
0.867461
0.867461
0.867461
1.308530
1.308530
0.642632
0.642632
0.642632
1.524806
1.524806
1.089421
1.089421
1.089421
0.867461
0.867461
1.089421
1.089421
1.089421
0.642632
0.642632
0.642632
0.642632
0.642632
1.524806
1.524806
1.524806
1.524806
1.524806
1.308530
1.308530
1.308530
0.867461
0.867461
1.308530
1.308530
1.308530
1.089421
1.089421
1.524806
1.524806
1.524806
0.867461
0.867461
1.308530
1.308530
1.308530
1.089421
1.089421
0.867461
0.867461
0.867461
0.642632
0.642632
1.524806
1.524806
1.524806
1.524806
1.524806
0.642632
0.642632
0.642632
1.089421
1.089421
1.308530
1.308530
1.308530
1.308530
1.308530
0.867461
0.867461
0.867461
0.867461
0.867461
1.308530
1.308530
1.308530
1.308530
1.308530
1.308530
1.308530
1.308530
0.867461
0.867461
0.867461
1.308530
1.308530
0.867461
0.867461
0.867461
0.642632
0.642632
0.867461
0.867461
0.867461
0.867461
0.867461
0.642632
0.642632
0.642632
1.308530
1.308530
1.524806
1.524806
1.524806
1.089421
1.089421
1.308530
1.308530
1.308530
0.642632
0.642632
1.089421
1.089421
1.089421
0.867461
0.867461
1.089421
1.089421
1.089421
0.414918
0.414918
0.414918
1.089421
1.089421
0.642632
0.642632
0.642632
0.642632
0.642632
0.642632
1.308530
1.308530
1.308530
1.308530
1.308530
1.089421
1.089421
1.089421
0.867461
0.867461
0.867461
0.867461
0.867461
0.642632
0.642632
0.642632
1.089421
1.089421
0.867461
0.867461
0.867461
1.308530
1.308530
1.308530
1.089421
1.089421
1.089421
1.089421
1.089421
0.867461
0.867461
0.642632
0.642632
0.642632
0.867461
0.867461
1.308530
1.308530
1.308530
0.867461
0.867461
0.867461
0.867461
0.867461
1.308530
1.308530
1.089421
1.089421
1.089421
1.089421
1.089421
1.308530
1.308530
1.308530
0.867461
0.867461
1.089421
1.089421
1.089421
0.867461
0.867461
0.867461
1.524806
1.524806
1.308530
1.308530
1.308530
0.867461
0.867461
1.308530
1.308530
1.308530
1.089421
1.089421
0.642632
0.642632
0.642632
0.642632
0.642632
1.308530
1.308530
1.308530
0.867461
0.867461
0.867461
0.867461
0.867461
1.089421
1.089421
1.089421
1.308530
1.308530
0.867461
0.867461
0.867461
0.867461
0.867461
0.867461
0.867461
0.867461
0.867461
0.867461
0.867461
0.867461
0.867461
1.308530
1.308530
0.642632
0.642632
0.642632
0.867461
0.867461
0.867461
1.308530
1.308530
1.089421
1.089421
1.089421
0.867461
0.867461
1.089421
1.089421
1.089421
0.642632
0.642632
0.642632
0.414918
0.414918
