0.384729
0.384729
0.384729
0.269947
0.269947
0.066676
0.066676
0.066676
0.486702
0.486702
0.486702
0.174734
0.174734
0.174734
0.504909
0.504909
0.504909
1.000775
1.000775
1.130247
1.130247
1.130247
0.386362
0.386362
1.395918
1.395918
0.586680
0.586680
0.586680
1.130247
1.130247
1.395918
1.395918
1.395918
1.261955
1.261955
0.504909
0.504909
0.504909
0.873523
0.873523
0.066676
0.066676
0.066676
0.174734
0.174734
0.174734
1.145654
1.145654
0.873523
0.873523
0.873523
0.066676
0.066676
1.261955
1.261955
1.261955
0.873523
0.873523
0.967004
0.967004
0.384729
0.384729
0.384729
1.000775
1.000775
0.504909
0.504909
0.504909
0.504909
0.504909
0.155647
0.155647
0.155647
1.057274
1.057274
0.873523
0.873523
0.873523
0.043445
0.043445
0.874827
0.874827
0.874827
0.269947
0.269947
0.269947
0.625607
0.625607
0.586680
0.586680
0.586680
0.155647
0.155647
1.532153
1.532153
1.532153
0.504909
0.504909
0.504909
0.504909
0.504909
0.384729
0.384729
1.000775
1.000775
1.000775
0.043445
0.043445
0.043445
0.043445
0.043445
0.504909
0.504909
0.504909
0.174734
0.174734
0.174734
0.174734
0.043445
0.043445
0.043445
0.269947
0.269947
0.269947
1.145654
1.145654
0.684682
0.684682
0.486702
0.486702
0.486702
0.174734
0.174734
0.174734
0.174734
0.174734
1.130247
1.130247
1.130247
0.280746
0.280746
0.780725
0.780725
0.780725
0.174734
0.174734
0.174734
0.066676
0.066676
0.384729
0.384729
0.384729
1.532153
1.532153
0.386362
0.386362
0.386362
1.000775
1.000775
1.000775
0.043445
0.043445
1.130247
1.130247
1.130247
1.532153
1.532153
0.386362
0.386362
0.625607
0.625607
0.625607
0.504909
0.504909
0.269947
0.269947
0.269947
0.504909
0.504909
0.269947
0.269947
0.269947
0.748472
0.748472
0.386362
0.386362
0.386362
0.280746
0.280746
0.280746
0.386362
0.386362
0.280746
0.280746
0.280746
0.748472
0.748472
1.395918
1.395918
1.395918
0.967004
0.967004
0.504909
0.504909
0.504909
1.395918
1.395918
1.395918
1.395918
1.395918
0.504909
0.504909
1.261955
1.261955
1.261955
1.261955
1.261955
1.261955
0.384729
0.384729
1.261955
1.261955
1.261955
0.486702
0.486702
0.269947
0.269947
0.269947
0.269947
0.269947
0.684682
0.684682
0.684682
0.625607
0.625607
0.066676
0.066676
0.066676
0.780725
0.780725
0.780725
1.532153
1.532153
1.261955
1.261955
1.261955
0.625607
0.625607
0.504909
0.504909
0.504909
0.780725
0.780725
0.280746
0.280746
0.280746
1.261955
1.261955
0.873523
0.873523
0.873523
0.043445
0.043445
0.066676
0.066676
0.066676
0.066676
0.066676
0.066676
0.066676
0.504909
0.504909
0.504909
0.155647
0.155647
0.155647
0.384729
0.384729
0.684682
0.684682
0.684682
0.066676
0.066676
0.625607
0.625607
0.625607
0.625607
1.145654
1.145654
0.174734
0.174734
0.174734
1.261955
1.261955
0.684682
0.684682
0.586680
0.586680
0.586680
0.586680
0.586680
0.043445
0.043445
0.043445
0.174734
0.174734
0.155647
0.155647
0.155647
0.155647
0.155647
0.280746
0.280746
0.280746
0.486702
0.486702
1.532153
1.532153
1.532153
0.280746
0.280746
0.684682
0.684682
0.684682
0.504909
0.504909
0.684682
0.684682
0.684682
0.386362
0.386362
0.504909
0.504909
0.504909
0.780725
0.780725
0.780725
0.504909
0.504909
0.043445
0.043445
0.043445
0.386362
0.386362
1.395918
1.395918
1.395918
0.873523
0.873523
0.874827
0.874827
0.874827
1.261955
1.261955
1.261955
1.261955
1.261955
1.000775
1.000775
0.625607
0.625607
0.625607
0.155647
0.155647
0.386362
0.386362
0.386362
1.559820
1.559820
1.559820
0.504909
0.504909
0.155647
0.155647
0.748472
0.748472
0.748472
1.000775
1.000775
1.000775
0.384729
0.384729
0.684682
0.684682
0.684682
0.504909
0.504909
0.504909
0.386362
0.386362
0.386362
0.269947
0.269947
1.000775
1.000775
1.000775
0.280746
0.280746
0.155647
0.155647
0.155647
1.532153
1.532153
0.504909
0.504909
0.504909
0.174734
0.174734
1.000775
1.000775
1.000775
1.130247
1.130247
0.043445
0.043445
1.130247
1.130247
1.130247
0.874827
0.874827
0.386362
0.386362
0.386362
0.504909
0.504909
0.504909
0.269947
0.269947
0.269947
0.586680
0.586680
0.384729
0.384729
0.486702
0.486702
0.486702
0.504909
0.504909
0.504909
0.386362
0.386362
1.130247
1.130247
0.504909
0.504909
0.504909
0.386362
0.386362
0.625607
0.625607
0.625607
0.748472
0.748472
0.386362
0.386362
0.386362
0.748472
0.748472
0.748472
0.269947
0.269947
0.748472
0.748472
0.748472
0.174734
0.174734
0.873523
0.873523
0.873523
0.486702
0.486702
0.043445
0.043445
0.043445
0.504909
0.504909
0.155647
0.155647
0.155647
0.155647
0.155647
0.486702
0.486702
0.486702
0.280746
0.280746
0.155647
0.155647
0.155647
0.280746
0.280746
0.486702
0.486702
0.486702
0.486702
0.486702
0.486702
0.625607
0.625607
0.386362
0.386362
0.386362
0.967004
0.967004
0.155647
0.155647
0.155647
0.269947
0.269947
0.386362
0.386362
0.386362
0.504909
0.504909
0.625607
0.625607
0.625607
0.748472
0.748472
0.174734
0.174734
0.174734
1.130247
1.130247
1.130247
0.066676
0.066676
0.384729
0.384729
0.384729
1.145654
1.145654
0.155647
0.155647
0.155647
0.174734
0.174734
1.130247
1.130247
1.130247
0.874827
0.874827
0.043445
0.043445
0.043445
1.130247
1.130247
0.174734
0.174734
0.174734
1.000775
1.000775
1.000775
0.066676
0.066676
0.486702
0.486702
0.748472
0.748472
0.748472
1.532153
1.532153
1.559820
1.559820
1.559820
0.504909
0.504909
0.586680
0.586680
0.625607
0.625607
0.625607
0.066676
0.066676
0.066676
0.504909
0.504909
0.684682
0.684682
0.684682
0.269947
0.269947
0.625607
0.625607
0.625607
0.174734
0.174734
0.386362
0.386362
0.386362
0.066676
0.066676
0.155647
0.155647
0.155647
1.395918
1.395918
1.000775
1.000775
1.000775
0.269947
0.269947
1.395918
1.395918
1.395918
1.145654
1.145654
1.145654
0.155647
0.155647
0.504909
0.504909
0.504909
0.586680
0.586680
1.261955
1.261955
1.261955
0.280746
0.280746
0.586680
0.586680
0.586680
1.057274
1.057274
1.057274
1.000775
1.000775
1.000775
0.269947
0.269947
1.532153
1.532153
0.174734
0.174734
0.174734
0.384729
0.384729
0.386362
0.386362
0.386362
0.043445
0.043445
0.066676
0.066676
0.066676
0.269947
0.269947
0.269947
1.395918
1.395918
0.066676
0.066676
0.748472
0.748472
0.748472
1.261955
1.261955
0.174734
0.174734
0.174734
0.269947
0.269947
0.269947
0.873523
0.873523
0.873523
0.269947
0.269947
0.066676
0.066676
0.066676
0.748472
0.748472
0.748472
0.748472
0.748472
0.486702
0.486702
0.384729
0.384729
0.384729
1.532153
1.532153
0.748472
0.748472
0.748472
0.174734
0.174734
0.504909
0.504909
0.504909
0.174734
0.174734
0.748472
0.748472
0.748472
1.395918
1.395918
1.395918
0.625607
0.625607
0.384729
0.384729
1.000775
1.000775
1.000775
0.386362
0.386362
0.386362
0.625607
0.625607
0.155647
0.155647
0.155647
1.395918
1.395918
0.504909
0.504909
0.504909
0.043445
0.043445
0.504909
0.504909
0.504909
1.130247
1.130247
1.532153
1.532153
1.130247
1.130247
1.130247
1.000775
1.000775
0.873523
0.873523
0.873523
0.280746
0.280746
0.504909
0.504909
0.504909
0.873523
0.873523
1.000775
1.000775
1.000775
0.386362
0.386362
0.043445
0.043445
0.043445
0.386362
0.386362
0.386362
0.386362
0.386362
1.000775
1.000775
0.269947
0.269947
0.748472
0.748472
0.748472
0.748472
0.748472
0.748472
0.748472
0.748472
0.586680
0.586680
0.384729
0.384729
0.384729
0.386362
0.386362
0.269947
0.269947
0.269947
0.684682
0.684682
0.280746
0.280746
0.280746
0.967004
0.967004
0.967004
0.625607
0.625607
0.625607
0.748472
0.748472
0.174734
0.174734
0.174734
1.261955
1.261955
1.532153
1.532153
1.532153
0.269947
0.269947
1.395918
1.395918
1.000775
1.000775
1.000775
0.384729
0.384729
1.395918
1.395918
1.395918
0.155647
0.155647
0.873523
0.873523
0.873523
0.386362
0.386362
0.625607
0.625607
0.625607
0.043445
0.043445
0.043445
0.748472
0.748472
0.625607
0.625607
0.625607
0.155647
0.155647
1.000775
1.000775
1.000775
0.504909
0.504909
0.748472
0.748472
0.748472
0.874827
0.874827
0.280746
0.280746
0.280746
0.280746
0.625607
0.625607
0.384729
0.384729
0.384729
1.261955
1.261955
0.625607
0.625607
0.625607
0.066676
0.066676
1.000775
1.000775
1.000775
0.066676
0.066676
1.395918
1.395918
1.395918
0.504909
0.504909
0.504909
1.480627
1.480627
0.066676
0.066676
0.066676
0.155647
0.155647
1.261955
1.261955
1.261955
0.269947
0.269947
0.174734
0.174734
0.174734
0.748472
0.748472
0.748472
0.625607
0.625607
0.269947
0.269947
0.269947
1.130247
1.130247
0.155647
0.155647
0.155647
0.384729
0.384729
0.043445
0.043445
0.384729
0.384729
0.384729
0.155647
0.155647
0.269947
0.269947
0.269947
0.386362
0.386362
0.684682
0.684682
0.684682
0.684682
0.684682
0.684682
0.066676
0.066676
0.174734
0.174734
0.174734
0.504909
0.504909
0.625607
0.625607
0.625607
0.486702
0.486702
0.486702
0.280746
0.280746
1.130247
1.130247
1.130247
1.232162
1.232162
1.232162
0.873523
0.873523
0.873523
0.873523
0.873523
0.873523
0.043445
0.043445
0.625607
0.625607
1.395918
1.395918
1.395918
0.066676
0.066676
0.155647
0.155647
0.155647
1.130247
1.130247
0.625607
0.625607
0.625607
0.269947
0.269947
0.269947
0.269947
0.280746
0.280746
0.873523
0.873523
0.873523
0.280746
0.280746
1.000775
1.000775
1.000775
1.130247
1.130247
0.748472
0.748472
0.748472
0.873523
0.873523
0.873523
1.261955
1.261955
1.261955
0.066676
0.066676
0.066676
1.395918
1.395918
1.395918
1.395918
0.269947
0.269947
0.269947
0.504909
0.504909
0.684682
0.684682
0.684682
0.384729
0.384729
0.384729
0.043445
0.043445
1.130247
1.130247
1.130247
0.684682
0.684682
0.386362
0.386362
0.386362
0.748472
0.748472
0.625607
0.625607
0.625607
0.269947
0.269947
1.000775
1.000775
1.000775
0.386362
0.386362
0.748472
0.748472
0.748472
0.155647
0.155647
0.155647
0.043445
0.043445
0.043445
0.386362
0.386362
1.000775
1.000775
1.000775
0.486702
0.486702
0.174734
0.174734
0.174734
0.874827
0.874827
1.130247
1.130247
1.130247
0.586680
0.586680
0.486702
0.486702
0.486702
0.625607
0.625607
0.504909
0.504909
0.504909
0.748472
0.748472
0.748472
0.748472
0.748472
0.043445
0.043445
0.155647
0.155647
0.155647
0.486702
0.486702
1.637227
1.637227
1.637227
0.222703
0.222703
0.316079
0.316079
0.235807
0.235807
0.235807
0.356491
0.356491
0.356491
0.222703
0.222703
0.262321
0.262321
0.262321
0.249019
0.249019
0.235807
0.235807
0.235807
0.196885
0.196885
0.196885
0.196885
0.196885
0.275695
0.275695
0.262321
0.262321
0.262321
0.222703
0.222703
0.159398
0.159398
0.159398
0.196885
0.196885
0.196885
0.316079
0.316079
0.101379
0.101379
0.101379
0.171705
0.171705
0.112456
0.112456
0.112456
0.275695
0.275695
0.171705
0.171705
0.171705
0.343046
0.343046
0.249019
0.249019
0.249019
0.209723
0.209723
0.222703
0.222703
0.222703
0.184207
0.184207
0.275695
0.275695
0.275695
0.171705
0.171705
0.147302
0.147302
0.147302
0.275695
0.275695
0.222703
0.222703
0.222703
0.329570
0.329570
0.235807
0.235807
0.235807
0.275695
0.275695
0.275695
0.275695
0.275695
0.275695
0.249019
0.249019
0.184207
0.184207
0.184207
0.222703
0.222703
0.171705
0.171705
0.171705
0.209723
0.209723
0.289124
0.289124
0.289124
0.235807
0.235807
0.289124
0.289124
0.289124
0.316079
0.316079
0.396463
0.396463
0.396463
0.356491
0.356491
0.343046
0.343046
0.343046
0.275695
0.275695
0.383217
0.422634
0.422634
0.422634
0.222703
0.222703
0.275695
0.275695
0.275695
0.356491
0.473207
0.473207
0.112456
0.262321
0.302591
0.448262
0.302591
0.112456
0.262321
0.123813
0.262321
0.101379
0.101379
0.049062
0.049062
0.267397
0.267397
0.267397
0.049062
0.049062
0.266730
0.266730
0.266730
0.435514
0.435514
0.832220
0.832220
0.832220
0.470389
0.470389
0.658507
0.658507
0.658507
0.123574
0.123574
0.123574
0.123574
0.123574
0.991995
0.991995
0.991995
0.267397
0.267397
0.267397
0.350200
0.350200
0.049062
0.049062
0.049062
0.196347
0.196347
0.404401
0.404401
0.404401
0.336743
0.336743
0.404401
0.404401
0.404401
0.991995
0.991995
0.196347
0.196347
0.196347
0.991995
0.991995
0.049062
0.049062
0.049062
0.404401
0.404401
0.597425
0.597425
0.597425
0.266730
0.266730
0.196347
0.196347
0.196347
0.717989
0.717989
0.522689
0.522689
0.522689
0.266730
0.266730
0.266730
0.470389
0.470389
0.267397
0.267397
0.267397
0.267397
0.196347
0.196347
0.597425
0.597425
0.597425
0.470389
0.470389
0.534725
0.534725
0.534725
0.658507
0.658507
0.336743
0.336743
0.336743
0.597425
0.597425
0.717989
0.717989
0.717989
0.123574
0.123574
0.267397
0.267397
0.267397
0.336743
0.336743
0.123574
0.123574
0.123574
0.470389
0.470389
0.185086
0.185086
0.185086
0.470389
0.470389
0.534725
0.534725
0.534725
0.266730
0.266730
0.266730
0.123574
0.123574
0.336743
0.336743
0.336743
0.940256
0.940256
0.470389
0.470389
0.470389
0.470389
0.470389
0.049062
0.049062
0.049062
0.027207
0.027207
0.404401
0.404401
0.404401
0.832220
0.832220
0.832220
0.991995
0.991995
0.336743
0.336743
0.336743
0.336743
0.336743
0.049062
0.049062
0.049062
0.404401
0.404401
0.123574
0.123574
0.123574
0.336743
0.336743
0.196347
0.196347
0.196347
0.123574
0.123574
0.267397
0.267397
0.267397
0.404401
0.404401
0.658507
0.658507
0.658507
0.597425
0.597425
0.470389
0.470389
0.470389
0.470389
0.123574
0.123574
0.887004
0.887004
0.887004
0.534725
0.534725
1.138303
1.138303
1.138303
0.123574
0.123574
0.597425
0.597425
0.597425
0.267397
0.267397
0.123574
0.123574
0.123574
0.534725
0.534725
0.534725
0.534725
0.534725
0.658507
0.658507
0.350200
0.350200
0.350200
0.336743
0.336743
0.597425
0.597425
0.597425
0.196347
0.196347
0.266730
0.266730
0.266730
0.123574
0.123574
0.123574
0.404401
0.404401
0.123574
0.123574
0.123574
0.267397
0.267397
0.534725
0.534725
0.534725
0.196347
0.196347
0.658507
0.658507
0.658507
0.597425
0.597425
0.658507
0.658507
0.658507
0.196347
0.196347
0.196347
0.105251
0.105251
0.832220
0.832220
0.832220
0.658507
0.658507
0.027207
0.027207
0.027207
0.404401
0.404401
0.887004
0.887004
0.887004
0.266730
0.266730
0.717989
0.717989
0.717989
0.336743
0.336743
0.404401
0.404401
0.404401
0.336743
0.336743
0.336743
0.336743
0.336743
0.027207
0.027207
0.027207
0.196347
0.196347
0.267397
0.267397
0.267397
0.658507
0.658507
0.658507
0.775887
0.775887
0.185086
0.185086
0.185086
0.534725
0.534725
0.123574
0.123574
0.123574
0.470389
0.470389
0.470389
0.470389
0.027207
0.027207
0.027207
0.775887
0.775887
0.470389
0.470389
0.470389
0.887004
0.887004
0.887004
0.775887
0.775887
0.049062
0.049062
0.049062
1.353494
1.353494
0.597425
0.597425
0.597425
0.470389
0.470389
0.940256
0.940256
0.940256
0.775887
0.775887
0.775887
0.775887
0.887004
0.887004
0.887004
0.832220
0.832220
0.267397
0.267397
0.267397
0.350200
0.350200
0.350200
0.470389
0.470389
0.470389
0.470389
0.470389
0.940256
0.940256
0.196347
0.196347
0.196347
0.597425
0.597425
0.887004
0.887004
0.887004
0.597425
0.597425
0.534725
0.534725
0.534725
0.350200
0.350200
0.267397
0.267397
0.267397
0.404401
0.404401
0.658507
0.658507
0.658507
0.267397
0.267397
0.717989
0.717989
0.717989
0.336743
0.336743
0.470389
0.470389
0.470389
0.470389
0.196347
0.196347
0.196347
0.887004
0.887004
0.123574
0.123574
0.123574
0.534725
0.534725
0.336743
0.336743
0.336743
0.991995
0.991995
0.105251
0.105251
0.105251
0.185086
0.185086
0.775887
0.775887
0.775887
0.658507
0.658507
0.336743
0.336743
0.336743
0.123574
0.123574
0.887004
0.887004
0.887004
0.404401
0.404401
0.185086
0.185086
0.185086
0.470389
0.470389
0.940256
0.940256
0.940256
0.267397
0.267397
0.267397
0.534725
0.534725
0.597425
0.597425
0.597425
0.597425
0.597425
0.597425
0.597425
0.597425
0.597425
0.105251
0.105251
0.105251
0.105251
0.105251
0.717989
0.717989
0.404401
0.404401
0.404401
0.123574
0.123574
0.267397
0.267397
0.267397
0.597425
0.597425
0.049062
0.049062
0.049062
0.196347
0.196347
0.049062
0.049062
0.049062
0.522689
0.522689
0.123574
0.123574
0.123574
0.336743
0.336743
0.185086
0.185086
0.185086
0.717989
0.717989
0.196347
0.196347
0.196347
0.534725
0.534725
0.534725
0.266730
0.266730
0.196347
0.196347
0.196347
0.404401
0.404401
0.027207
0.027207
0.027207
0.470389
0.470389
0.470389
0.267397
0.267397
0.404401
0.404401
0.404401
0.597425
0.597425
0.196347
0.196347
0.196347
0.404401
0.404401
0.027207
0.027207
0.027207
0.940256
0.940256
0.887004
0.887004
0.887004
0.991995
0.991995
0.658507
0.658507
0.658507
0.832220
0.832220
0.196347
0.196347
0.196347
0.658507
0.658507
0.991995
0.991995
0.991995
0.534725
0.534725
0.534725
0.267397
0.267397
0.267397
0.266730
0.266730
0.404401
0.404401
0.404401
0.597425
0.597425
0.597425
0.832220
0.832220
0.658507
0.658507
0.658507
0.049062
0.049062
0.027207
0.027207
0.027207
0.534725
0.534725
0.027207
0.027207
0.027207
0.185086
0.185086
0.597425
0.597425
0.597425
0.123574
0.123574
0.185086
0.185086
0.185086
0.049062
0.049062
0.658507
0.658507
0.658507
0.336743
0.336743
0.123574
0.123574
0.123574
0.350200
0.350200
0.470389
0.470389
0.470389
0.470389
0.123574
0.123574
0.027207
0.027207
0.027207
0.597425
0.597425
0.049062
0.049062
0.049062
0.597425
0.597425
0.123574
0.123574
0.123574
0.534725
0.534725
0.534725
0.534725
0.534725
0.185086
0.185086
0.534725
0.534725
0.534725
0.336743
0.336743
0.470389
0.470389
0.470389
0.470389
0.470389
0.470389
0.832220
0.832220
0.266730
0.266730
0.266730
0.597425
0.597425
0.105251
0.105251
0.105251
0.658507
0.658507
0.049062
0.049062
0.049062
0.470389
0.470389
0.470389
0.185086
0.185086
0.775887
0.775887
0.775887
0.470389
0.470389
0.470389
0.470389
0.470389
0.534725
0.534725
0.658507
0.658507
0.658507
0.404401
0.404401
0.597425
0.597425
0.597425
0.267397
0.267397
0.404401
0.404401
0.404401
0.597425
0.597425
0.185086
0.185086
0.185086
0.185086
0.185086
0.336743
0.336743
0.336743
0.534725
0.534725
0.350200
0.350200
0.350200
0.266730
0.266730
0.196347
0.196347
0.196347
0.832220
0.832220
0.832220
0.775887
0.775887
0.775887
0.123574
0.123574
0.658507
0.658507
0.658507
0.991995
0.991995
0.049062
0.049062
0.049062
0.404401
0.404401
0.534725
0.534725
0.534725
0.404401
0.404401
0.185086
0.185086
0.185086
0.336743
0.336743
1.091001
1.091001
1.091001
0.717989
0.717989
0.470389
0.470389
0.470389
0.196347
0.196347
0.049062
0.049062
0.049062
0.658507
0.658507
0.597425
0.597425
0.597425
0.350200
0.350200
0.597425
0.597425
0.597425
0.336743
0.336743
0.336743
0.336743
0.775887
0.775887
0.196347
0.196347
0.196347
0.775887
0.775887
0.266730
0.266730
0.266730
0.336743
0.336743
0.196347
0.196347
0.196347
0.470389
0.470389
0.534725
0.534725
0.534725
0.267397
0.267397
0.658507
0.658507
0.658507
1.091001
1.091001
0.404401
0.404401
0.404401
0.267397
0.267397
0.267397
0.267397
0.267397
0.336743
0.336743
0.336743
0.534725
0.534725
0.404401
0.404401
0.404401
0.266730
0.266730
0.196347
0.196347
0.196347
0.027207
0.027207
0.027207
0.775887
0.775887
0.717989
0.717989
0.717989
0.470389
0.470389
0.105251
0.105251
0.105251
0.185086
0.185086
0.717989
0.717989
0.717989
0.597425
0.597425
0.123574
0.123574
0.123574
0.267397
0.267397
0.267397
0.267397
0.267397
0.597425
0.597425
0.123574
0.123574
0.123574
0.534725
0.534725
0.404401
0.404401
0.404401
0.597425
0.597425
0.196347
0.196347
0.196347
0.534725
0.534725
0.534725
0.267397
0.267397
0.534725
0.534725
0.534725
0.534725
0.534725
0.534725
0.027207
0.027207
0.832220
0.832220
0.832220
0.027207
0.027207
0.123574
0.123574
0.123574
0.404401
0.404401
0.027207
0.027207
0.027207
0.470389
0.470389
0.404401
0.404401
0.404401
0.105251
0.105251
0.404401
0.404401
0.404401
0.597425
0.597425
0.350200
0.350200
0.350200
0.597425
0.597425
0.597425
0.470389
0.470389
0.717989
0.717989
0.717989
1.184160
1.184160
0.267397
0.267397
0.267397
0.404401
0.404401
0.435514
0.435514
0.435514
0.185086
0.185086
0.185086
0.991995
0.991995
0.470389
0.470389
0.470389
0.350200
0.350200
0.470389
0.470389
0.470389
0.597425
0.597425
1.653355
1.653355
1.464459
1.464459
0.913556
0.913556
0.913556
0.046962
0.046962
0.046962
0.385967
0.385967
0.442813
0.442813
0.442813
0.601146
0.601146
0.559269
0.559269
0.559269
1.464459
1.464459
1.278205
1.278205
1.278205
0.215204
0.215204
1.061607
1.061607
1.061607
0.046962
0.046962
1.278205
1.278205
1.278205
1.278205
1.278205
0.735126
0.735126
0.735126
0.282030
0.282030
0.282030
0.282030
0.282030
0.559269
0.559269
0.559269
1.061607
1.061607
0.601146
0.601146
0.601146
0.046962
0.046962
1.094577
1.094577
1.094577
0.046962
0.046962
0.046962
0.442813
0.442813
0.735126
0.735126
0.735126
0.282030
0.282030
0.046962
0.046962
0.046962
1.653355
1.653355
0.118777
0.118777
0.118777
0.735126
0.735126
0.282030
0.282030
0.282030
0.735126
0.735126
1.210307
1.210307
1.210307
0.118777
0.118777
0.215204
0.215204
0.215204
0.913556
0.913556
0.913556
0.913556
0.913556
1.653355
1.653355
0.046962
0.046962
0.046962
0.559269
0.559269
0.385967
0.385967
0.385967
0.385967
0.385967
0.385967
0.385967
1.094577
1.094577
0.118777
0.118777
0.118777
0.282030
0.282030
0.046962
0.046962
0.046962
1.464459
1.464459
1.061607
1.061607
1.061607
0.735126
0.735126
0.913556
0.913556
0.913556
0.913556
0.913556
0.735126
0.735126
0.735126
0.118777
0.118777
1.653355
1.653355
1.653355
1.094577
1.094577
0.118777
0.118777
0.118777
1.464459
1.464459
0.385967
0.385967
0.385967
0.735126
0.735126
1.094577
1.094577
1.094577
0.215204
0.215204
0.215204
0.215204
0.215204
0.385967
0.385967
0.385967
0.385967
0.385967
1.464459
1.464459
1.464459
1.464459
1.464459
0.215204
0.215204
0.215204
1.094577
1.094577
0.601146
0.601146
0.601146
0.735126
0.735126
0.757044
0.757044
0.757044
0.046962
0.046962
0.282030
0.282030
0.282030
0.282030
0.282030
0.601146
0.601146
0.601146
0.757044
0.757044
0.282030
0.282030
0.282030
0.913556
0.913556
1.653355
1.653355
1.653355
0.559269
0.559269
0.559269
0.118777
0.118777
0.118777
0.913556
0.913556
1.464459
1.464459
1.464459
0.559269
0.559269
1.278205
1.278205
1.278205
0.282030
0.282030
0.442813
0.442813
0.442813
0.757044
0.757044
0.735126
0.735126
0.735126
0.913556
0.913556
1.094577
1.094577
1.094577
0.559269
0.559269
0.559269
0.559269
0.559269
0.215204
0.215204
0.215204
0.913556
0.913556
1.464459
1.464459
1.464459
0.385967
0.385967
0.046962
0.046962
0.046962
1.278205
1.278205
1.278205
0.913556
0.913556
0.913556
1.278205
1.278205
1.278205
1.278205
1.278205
0.735126
0.735126
1.464459
1.464459
1.464459
1.094577
1.094577
0.282030
0.282030
0.282030
1.094577
1.094577
1.094577
1.464459
1.464459
0.385967
0.385967
0.385967
0.913556
0.913556
1.464459
1.464459
1.464459
0.735126
0.735126
1.094577
1.094577
1.094577
0.282030
0.282030
0.913556
0.913556
0.913556
0.046962
0.046962
1.094577
1.094577
1.094577
0.442813
0.442813
0.442813
0.442813
0.442813
0.913556
0.913556
0.913556
0.215204
0.215204
0.215204
0.046962
0.046962
0.046962
0.046962
0.559269
0.559269
0.559269
1.278205
1.278205
1.278205
0.442813
0.442813
0.913556
0.913556
0.913556
0.442813
0.442813
0.385967
0.385967
0.559269
0.559269
0.559269
0.385967
0.385967
0.215204
0.215204
0.215204
0.046962
0.046962
0.735126
0.735126
0.735126
0.735126
0.046962
0.046962
0.282030
0.282030
0.282030
0.559269
0.559269
0.735126
0.735126
0.735126
0.559269
0.559269
0.385967
0.385967
0.385967
0.046962
0.046962
0.442813
0.442813
0.442813
0.385967
0.385967
0.385967
0.442813
0.442813
1.278205
1.278205
1.278205
0.913556
0.913556
0.913556
0.913556
0.913556
0.215204
0.215204
1.653355
1.653355
1.653355
1.278205
1.278205
0.385967
0.385967
0.385967
0.282030
0.282030
1.094577
1.094577
1.094577
0.559269
0.559269
0.559269
0.910525
0.910525
1.653355
1.653355
1.653355
0.913556
0.913556
0.046962
0.046962
0.046962
1.464459
1.464459
1.278205
1.278205
1.278205
0.215204
0.215204
1.278205
1.278205
1.278205
0.559269
0.559269
0.046962
0.046962
0.046962
0.118777
0.118777
0.385967
0.385967
0.385967
0.913556
0.913556
1.464459
1.464459
1.464459
1.094577
1.094577
0.215204
0.215204
0.215204
0.385967
0.385967
0.215204
0.215204
0.215204
0.046962
0.046962
0.215204
0.215204
0.215204
1.653355
1.653355
0.735126
0.735126
0.735126
0.046962
0.046962
0.385967
0.385967
0.385967
1.278205
1.278205
1.278205
0.735126
0.735126
1.278205
1.278205
1.278205
0.118777
0.118777
1.278205
1.278205
1.278205
0.442813
0.442813
0.913556
0.913556
0.913556
0.757044
0.757044
0.442813
0.442813
0.442813
0.215204
0.215204
0.735126
0.735126
0.735126
0.046962
0.046962
0.215204
0.215204
0.215204
0.913556
0.913556
0.442813
0.442813
0.442813
0.385967
0.385967
0.385967
1.278205
1.278205
0.913556
0.913556
0.913556
0.118777
0.118777
1.094577
1.094577
1.094577
0.046962
0.046962
0.442813
0.442813
0.442813
0.046962
0.046962
0.913556
0.913556
0.913556
0.559269
0.559269
0.046962
0.046962
0.046962
0.385967
0.385967
0.913556
0.913556
0.913556
0.442813
0.442813
0.215204
0.215204
0.215204
0.215204
0.215204
0.282030
0.282030
0.282030
0.559269
0.559269
0.559269
0.559269
0.559269
1.094577
1.094577
1.094577
0.913556
0.913556
0.735126
0.735126
0.735126
0.601146
0.601146
0.735126
0.735126
0.735126
0.118777
0.118777
0.118777
1.653355
1.653355
0.913556
0.913556
0.913556
0.757044
0.757044
0.385967
0.385967
0.385967
0.046962
0.046962
1.278205
1.278205
1.278205
0.601146
0.601146
0.215204
0.215204
0.215204
0.118777
0.118777
0.215204
0.215204
0.215204
1.278205
1.278205
0.282030
0.282030
0.282030
0.046962
0.046962
0.559269
0.559269
0.559269
0.559269
0.559269
0.559269
0.913556
0.913556
0.913556
0.913556
0.913556
1.278205
1.278205
0.559269
0.559269
0.559269
1.278205
1.278205
0.442813
0.442813
0.442813
0.118777
0.118777
1.094577
1.094577
1.094577
0.913556
0.913556
0.282030
0.282030
0.282030
0.215204
0.215204
0.282030
0.282030
0.282030
0.913556
0.913556
0.385967
0.385967
0.385967
0.559269
0.559269
0.735126
0.735126
0.735126
0.757044
0.757044
0.913556
0.913556
0.913556
0.735126
0.735126
0.735126
0.046962
0.046962
0.046962
0.046962
0.046962
0.118777
0.118777
0.442813
0.442813
0.442813
0.215204
0.215204
1.464459
1.464459
1.464459
0.282030
0.282030
0.442813
0.442813
0.442813
0.913556
0.913556
1.278205
1.278205
1.278205
1.094577
1.094577
1.094577
0.118777
0.118777
0.385967
0.385967
0.385967
0.385967
0.385967
0.046962
0.046962
0.046962
0.282030
0.282030
0.442813
0.442813
0.442813
1.094577
1.094577
1.094577
1.094577
1.094577
0.913556
0.913556
0.913556
0.913556
0.913556
0.735126
0.735126
0.735126
0.282030
0.282030
1.278205
1.278205
1.278205
0.735126
0.735126
1.278205
1.278205
1.278205
0.282030
0.282030
0.757044
0.757044
0.757044
0.118777
0.118777
1.094577
1.094577
1.094577
0.735126
0.735126
0.559269
0.559269
0.559269
1.653355
1.653355
1.464459
1.464459
1.464459
0.118777
0.118777
0.046962
0.046962
0.046962
1.278205
1.278205
0.913556
0.913556
0.913556
0.118777
0.118777
0.118777
0.913556
0.913556
0.913556
1.653355
1.653355
0.118777
0.118777
0.118777
1.094577
1.094577
0.559269
0.559269
0.559269
0.910525
0.910525
0.442813
0.442813
0.442813
0.046962
0.046962
0.046962
0.215204
0.215204
0.385967
0.385967
0.385967
1.094577
1.094577
0.215204
0.215204
0.215204
0.215204
0.215204
0.735126
0.735126
0.735126
0.118777
0.118777
0.559269
0.559269
0.559269
0.913556
0.913556
0.559269
0.559269
0.559269
0.559269
0.559269
0.215204
0.215204
0.215204
0.282030
0.282030
0.282030
1.653355
1.653355
0.385967
0.385967
0.385967
0.215204
0.215204
0.735126
0.735126
0.735126
0.913556
0.913556
0.735126
0.735126
0.735126
0.559269
0.559269
0.215204
0.215204
0.215204
1.278205
1.278205
0.215204
0.215204
0.215204
0.385967
0.385967
0.735126
0.735126
0.735126
1.278205
1.278205
0.215204
0.215204
0.215204
0.215204
0.215204
0.215204
1.464459
1.464459
0.735126
0.735126
0.735126
0.385967
0.385967
0.913556
0.913556
0.913556
0.735126
0.735126
0.735126
0.735126
0.735126
0.735126
1.061607
1.061607
0.046962
0.046962
0.046962
0.442813
0.442813
0.118777
0.118777
0.118777
0.118777
0.118777
0.559269
0.559269
0.559269
0.559269
0.559269
0.046962
0.046962
0.046962
0.442813
0.442813
0.282030
0.282030
0.282030
0.385967
0.385967
0.046962
0.046962
0.046962
0.559269
0.559269
0.559269
0.559269
0.559269
0.385967
0.385967
1.278205
1.278205
1.278205
0.215204
0.215204
0.215204
0.215204
0.215204
0.442813
0.442813
0.442813
1.094577
1.094577
1.094577
0.385967
0.385967
0.385967
0.385967
0.385967
0.046962
0.046962
0.559269
0.559269
0.559269
0.442813
0.442813
0.385967
0.385967
0.385967
0.215204
0.215204
0.046962
0.046962
0.046962
0.642632
0.642632
0.414918
0.414918
0.414918
1.089421
1.089421
0.642632
0.642632
0.642632
0.414918
0.414918
0.414918
0.414918
0.414918
0.642632
0.642632
0.867461
0.867461
0.867461
0.867461
0.867461
0.867461
1.089421
1.089421
1.089421
1.089421
1.089421
0.867461
0.867461
0.867461
1.308530
1.308530
1.308530
1.089421
1.089421
1.308530
1.308530
1.308530
1.089421
1.089421
1.089421
1.089421
1.089421
1.308530
1.308530
0.867461
0.867461
0.867461
1.524806
1.524806
1.524806
1.524806
1.524806
0.642632
0.642632
1.089421
1.089421
1.089421
1.308530
1.308530
1.308530
1.308530
1.308530
1.308530
1.089421
1.089421
1.524806
1.524806
1.524806
0.867461
0.867461
0.867461
1.089421
1.089421
1.089421
0.867461
0.867461
1.089421
1.089421
1.089421
1.524806
1.524806
1.089421
1.089421
1.089421
1.089421
1.089421
1.308530
1.308530
1.308530
1.308530
1.308530
1.524806
1.524806
1.524806
1.089421
1.089421
0.867461
0.867461
0.867461
1.308530
1.308530
1.089421
1.089421
1.089421
0.867461
0.867461
1.089421
1.089421
1.089421
0.867461
0.867461
1.524806
1.524806
1.524806
0.867461
0.867461
0.867461
1.089421
1.089421
1.089421
1.089421
1.089421
1.308530
1.308530
1.308530
1.308530
1.308530
1.089421
1.089421
1.089421
1.089421
1.089421
0.867461
0.867461
1.524806
1.524806
1.524806
1.089421
1.089421
0.414918
0.414918
0.414918
1.524806
1.524806
1.524806
1.524806
1.524806
1.524806
0.867461
0.867461
1.089421
1.089421
1.089421
0.867461
0.867461
1.308530
1.308530
1.308530
1.308530
1.308530
1.308530
1.308530
1.308530
0.867461
0.867461
0.867461
0.867461
0.867461
1.089421
1.089421
1.089421
1.089421
1.089421
0.867461
0.867461
0.867461
1.524806
1.524806
1.089421
1.089421
1.089421
1.089421
1.089421
1.089421
1.089421
1.089421
0.867461
0.867461
1.524806
1.524806
1.524806
1.089421
1.089421
1.089421
1.089421
1.089421
1.524806
1.524806
0.867461
0.867461
0.867461
1.524806
1.524806
1.089421
1.089421
1.089421
1.089421
1.089421
0.867461
0.867461
0.867461
1.308530
1.308530
1.308530
1.308530
1.308530
1.308530
1.308530
1.308530
1.308530
1.308530
0.642632
0.642632
0.642632
0.867461
0.867461
1.089421
1.089421
1.089421
0.867461
0.867461
1.089421
1.089421
1.089421
0.867461
0.867461
0.867461
1.524806
1.524806
0.867461
0.867461
0.867461
1.308530
1.308530
1.089421
1.089421
1.089421
1.308530
1.308530
1.089421
1.089421
1.089421
0.867461
0.867461
1.308530
1.308530
1.308530
1.089421
1.089421
1.089421
1.089421
1.089421
1.308530
1.308530
1.308530
1.089421
1.089421
1.308530
1.308530
1.308530
1.308530
1.308530
1.308530
0.867461
0.867461
1.308530
1.308530
1.308530
0.642632
0.642632
1.089421
1.089421
1.089421
1.089421
1.089421
0.642632
0.642632
0.642632
1.089421
1.089421
1.524806
1.524806
1.308530
1.308530
1.308530
0.642632
0.642632
0.867461
0.867461
0.867461
1.089421
1.089421
1.089421
1.089421
1.089421
1.089421
0.867461
0.867461
0.867461
1.089421
1.089421
0.867461
0.867461
0.867461
1.089421
1.089421
1.524806
1.524806
1.524806
0.642632
0.642632
0.867461
0.867461
0.867461
0.867461
0.867461
1.308530
1.308530
1.308530
1.089421
1.089421
0.867461
0.867461
0.867461
1.089421
1.089421
1.089421
1.089421
1.089421
1.089421
1.089421
1.308530
1.308530
1.308530
1.089421
1.089421
1.308530
1.308530
1.308530
0.867461
0.867461
1.089421
1.089421
1.089421
1.089421
1.089421
1.089421
1.308530
1.308530
1.089421
1.089421
1.089421
1.524806
1.524806
1.089421
1.089421
1.089421
0.867461
0.867461
0.867461
1.089421
1.089421
1.089421
1.089421
1.089421
1.089421
1.089421
1.524806
1.524806
0.867461
0.867461
0.867461
0.867461
0.867461
0.867461
0.867461
0.867461
0.867461
0.867461
1.089421
1.089421
1.308530
1.308530
0.867461
0.867461
0.867461
0.642632
0.642632
0.642632
1.089421
1.089421
1.089421
1.524806
1.524806
0.867461
0.867461
0.867461
0.867461
0.867461
0.642632
0.642632
0.642632
0.867461
0.867461
1.089421
1.089421
1.089421
1.089421
1.089421
0.867461
0.867461
0.867461
0.867461
0.867461
0.867461
0.867461
0.867461
1.089421
1.089421
1.089421
1.089421
1.089421
1.308530
1.308530
0.642632
0.642632
0.642632
0.867461
0.867461
1.308530
1.308530
1.308530
1.089421
1.089421
1.089421
1.089421
1.089421
1.524806
1.524806
1.524806
0.867461
0.867461
0.867461
0.867461
0.867461
1.089421
1.089421
0.867461
0.867461
0.867461
0.867461
0.867461
0.867461
0.867461
0.867461
1.089421
1.089421
1.308530
1.308530
1.308530
0.642632
0.642632
0.867461
0.867461
0.867461
1.089421
1.089421
1.089421
1.089421
1.089421
0.867461
0.867461
1.089421
1.089421
1.089421
1.524806
1.524806
1.089421
1.089421
1.089421
0.867461
0.867461
0.867461
0.867461
0.867461
0.642632
0.642632
0.642632
1.308530
1.308530
0.642632
0.642632
0.642632
0.867461
0.867461
0.867461
0.867461
0.867461
1.089421
1.089421
1.089421
0.867461
0.867461
0.642632
0.642632
0.642632
1.089421
1.089421
1.089421
1.089421
1.089421
0.867461
0.867461
0.642632
0.642632
0.642632
1.089421
1.089421
0.867461
0.867461
0.867461
1.089421
1.089421
1.308530
1.308530
1.308530
1.089421
1.089421
1.089421
1.089421
1.089421
0.642632
0.642632
0.642632
0.642632
1.089421
1.089421
0.867461
0.867461
0.867461
0.867461
0.867461
0.867461
0.867461
0.867461
1.089421
1.089421
1.089421
1.089421
1.089421
1.308530
1.308530
0.642632
0.642632
0.642632
1.308530
1.308530
1.308530
1.089421
1.089421
0.867461
0.867461
0.867461
0.867461
0.867461
0.642632
0.642632
0.642632
0.867461
0.867461
0.642632
0.642632
0.642632
1.308530
1.308530
1.308530
1.308530
1.308530
0.867461
0.867461
1.089421
1.089421
1.089421
0.867461
0.867461
1.524806
1.524806
1.524806
0.867461
0.867461
1.308530
1.308530
1.308530
1.089421
1.089421
0.642632
0.642632
0.642632
1.524806
1.524806
1.089421
1.089421
1.089421
0.642632
0.642632
0.642632
1.308530
1.308530
0.867461
0.867461
0.867461
0.867461
0.867461
0.867461
0.867461
0.867461
0.642632
0.642632
1.089421
1.089421
1.089421
0.867461
0.867461
1.089421
1.089421
1.089421
1.089421
1.089421
1.308530
1.308530
1.308530
1.089421
1.089421
0.867461
0.867461
0.867461
0.867461
1.524806
1.524806
1.524806
1.308530
1.308530
1.089421
1.089421
1.089421
0.867461
0.867461
1.308530
1.308530
1.308530
1.524806
1.524806
1.089421
1.089421
1.089421
0.642632
0.642632
1.089421
1.089421
1.089421
0.867461
0.867461
0.867461
0.867461
0.867461
0.642632
0.642632
1.089421
1.089421
1.089421
0.867461
0.867461
0.642632
0.642632
0.642632
1.089421
1.089421
1.089421
0.642632
0.642632
1.089421
1.089421
1.089421
1.524806
1.524806
1.089421
1.089421
1.089421
0.867461
0.867461
1.308530
1.308530
1.308530
1.089421
1.089421
1.089421
0.867461
0.867461
1.524806
1.524806
1.524806
1.308530
1.308530
0.642632
0.642632
0.642632
1.308530
1.308530
1.089421
1.089421
1.089421
1.524806
1.524806
1.089421
1.089421
1.089421
0.867461
0.867461
0.414918
0.414918
0.414918
0.642632
0.642632
0.867461
0.867461
0.867461
0.867461
0.867461
1.308530
1.308530
1.308530
1.089421
1.089421
1.089421
0.642632
0.642632
0.642632
0.642632
0.642632
0.642632
0.642632
0.642632
1.308530
1.308530
1.308530
1.089421
1.089421
0.867461
0.867461
0.867461
0.867461
1.089421
1.089421
1.089421
1.308530
1.308530
1.308530
1.089421
1.089421
1.308530
1.308530
1.308530
0.414918
0.414918
1.089421
1.089421
1.089421
1.308530
1.308530
1.308530
1.308530
1.308530
0.642632
0.642632
0.414918
0.414918
0.414918
0.642632
0.642632
0.642632
1.308530
1.308530
1.308530
1.089421
1.089421
1.524806
1.524806
1.524806
0.867461
0.867461
0.867461
0.867461
0.867461
0.414918
0.414918
1.308530
1.308530
1.308530
1.089421
1.089421
0.867461
0.867461
0.867461
1.089421
1.089421
0.642632
0.642632
0.642632
0.867461
0.867461
0.867461
0.867461
0.867461
1.089421
1.089421
1.089421
0.867461
0.867461
1.089421
1.089421
1.089421
0.642632
0.642632
1.308530
1.308530
1.308530
1.308530
0.867461
0.867461
0.867461
0.642632
0.642632
1.308530
1.308530
1.308530
1.308530
1.308530
0.867461
0.867461
0.867461
0.867461
0.867461
0.642632
0.642632
0.642632
