0.269947
0.269947
1.954660
1.954660
0.066676
0.066676
0.066676
0.684682
0.684682
0.684682
0.386362
0.386362
0.155647
0.155647
1.000775
1.000775
1.000775
0.504909
0.504909
0.504909
0.504909
1.811506
1.811506
0.280746
0.280746
0.280746
0.155647
0.155647
0.684682
0.684682
0.684682
0.155647
0.155647
0.269947
0.269947
0.269947
0.386362
0.386362
1.130247
1.130247
1.130247
1.000775
1.000775
0.504909
0.504909
0.504909
1.670676
1.670676
0.066676
0.066676
0.066676
0.269947
0.269947
0.873523
0.873523
0.873523
0.043445
0.043445
0.967004
0.967004
0.967004
0.155647
0.155647
0.625607
0.625607
0.625607
0.684682
0.684682
1.811506
1.811506
1.811506
0.384729
0.384729
0.384729
1.532153
1.532153
0.504909
0.504909
0.504909
1.395918
1.395918
1.395918
1.261955
1.261955
0.586680
0.586680
0.586680
0.066676
0.066676
0.967004
0.967004
0.967004
0.504909
0.504909
0.155647
0.155647
0.155647
0.043445
0.043445
0.967004
0.967004
0.967004
1.000775
1.000775
0.043445
0.043445
0.043445
0.625607
0.625607
0.780725
0.780725
0.780725
0.174734
0.174734
0.504909
0.504909
0.504909
0.043445
0.043445
0.043445
0.684682
0.684682
0.684682
0.280746
0.280746
0.280746
0.155647
0.155647
0.386362
0.386362
0.386362
0.386362
0.386362
1.130247
1.130247
1.130247
1.130247
1.130247
0.280746
0.280746
0.280746
0.386362
0.386362
0.967004
0.967004
0.967004
0.043445
0.043445
0.586680
0.586680
0.586680
0.386362
0.386362
1.261955
1.261955
1.261955
1.232162
1.232162
0.684682
0.684682
0.684682
0.386362
0.386362
1.811506
1.811506
1.811506
1.130247
1.130247
0.748472
0.748472
0.748472
0.873523
0.873523
0.873523
1.532153
1.532153
1.261955
1.261955
1.261955
1.000775
1.000775
0.280746
0.280746
0.280746
0.873523
0.873523
0.748472
0.748472
0.748472
1.670676
1.670676
1.395918
1.395918
1.395918
0.486702
0.486702
2.100154
2.100154
2.100154
0.386362
0.386362
0.625607
0.625607
0.625607
1.670676
1.670676
1.670676
0.386362
0.386362
0.780725
0.780725
0.780725
0.155647
0.155647
0.504909
0.504909
0.504909
0.748472
0.748472
2.248007
2.248007
2.248007
2.248007
1.532153
1.532153
1.954660
1.954660
1.954660
1.261955
1.261955
0.043445
0.043445
0.043445
0.269947
0.269947
0.504909
0.504909
0.504909
0.748472
0.748472
0.066676
0.066676
0.066676
0.155647
0.155647
0.066676
0.066676
0.066676
0.155647
0.155647
0.043445
0.043445
0.043445
0.625607
0.625607
0.625607
0.625607
0.625607
0.873523
0.873523
0.873523
0.873523
0.873523
1.000775
1.000775
0.043445
0.043445
0.043445
0.625607
0.625607
0.504909
0.504909
0.504909
0.873523
0.873523
0.873523
0.386362
0.386362
0.504909
0.504909
0.504909
1.395918
1.395918
0.066676
0.066676
0.066676
0.269947
0.269947
1.261955
1.261955
1.261955
0.504909
0.504909
1.954660
1.954660
1.954660
0.625607
0.625607
0.748472
0.748472
0.748472
1.395918
1.395918
1.532153
1.532153
1.532153
0.684682
0.684682
0.504909
0.504909
0.504909
0.748472
0.748472
1.532153
1.532153
1.532153
0.155647
0.155647
0.504909
0.504909
0.504909
0.066676
0.066676
0.066676
1.057274
1.057274
1.057274
0.748472
0.748472
0.386362
0.386362
0.386362
0.280746
0.280746
2.100154
2.100154
2.100154
1.000775
1.000775
2.398236
2.398236
2.398236
0.873523
0.873523
0.269947
0.269947
0.269947
0.873523
0.873523
0.504909
0.504909
0.504909
0.625607
0.625607
1.954660
1.954660
1.954660
0.066676
0.066676
0.396463
0.396463
0.343046
0.343046
0.343046
0.262321
0.262321
0.448262
0.448262
0.448262
0.159398
0.159398
0.343046
0.343046
0.343046
0.302591
0.302591
0.249019
0.249019
0.249019
0.302591
0.302591
0.249019
0.249019
0.249019
0.289124
0.289124
0.222703
0.222703
0.222703
0.135434
0.135434
0.275695
0.275695
0.275695
0.383217
0.383217
0.159398
0.159398
0.159398
0.289124
0.289124
0.289124
0.222703
0.222703
0.289124
0.289124
0.289124
0.159398
0.159398
0.235807
0.235807
0.235807
0.329570
0.329570
0.329570
0.396463
0.396463
0.196885
0.196885
0.196885
0.222703
0.222703
0.209723
0.209723
0.209723
0.222703
0.222703
0.147302
0.147302
0.147302
0.275695
0.275695
0.196885
0.196885
0.196885
0.249019
0.249019
0.275695
0.275695
0.275695
0.302591
0.302591
0.184207
0.184207
0.184207
0.262321
0.262321
0.196885
0.196885
0.196885
0.356491
0.356491
0.356491
0.235807
0.235807
0.235807
0.275695
0.275695
0.147302
0.147302
0.147302
0.316079
0.316079
0.222703
0.702693
0.702693
0.702693
0.196347
0.196347
0.611743
0.611743
0.611743
0.611743
0.611743
0.470389
0.470389
0.470389
0.597425
0.597425
0.049062
0.049062
0.049062
0.267397
0.267397
0.267397
0.049062
0.049062
0.196347
0.196347
0.196347
0.196347
0.658507
0.658507
0.775887
0.775887
0.775887
0.267397
0.267397
0.336743
0.336743
0.336743
0.404401
0.404401
0.597425
0.597425
0.597425
0.658507
0.658507
0.267397
0.267397
0.267397
0.795555
0.795555
0.266730
0.266730
0.266730
0.196347
0.196347
0.887004
0.887004
0.887004
0.597425
0.597425
0.435514
0.435514
0.435514
0.185086
0.185086
0.470389
0.470389
0.470389
0.267397
0.267397
0.267397
0.196347
0.196347
0.336743
0.336743
0.336743
0.336743
0.435514
0.435514
0.027207
0.027207
0.027207
0.658507
0.658507
0.336743
0.336743
0.336743
0.336743
0.336743
0.266730
0.266730
0.266730
0.267397
0.267397
0.267397
0.470389
0.470389
0.336743
0.336743
0.336743
0.027207
0.027207
0.775887
0.775887
0.775887
0.266730
0.266730
0.049062
0.049062
0.049062
0.597425
0.597425
0.267397
0.267397
0.267397
0.049062
0.049062
0.336743
0.336743
0.336743
0.611743
0.611743
0.049062
0.049062
0.049062
0.049062
0.049062
0.049062
0.196347
0.196347
0.196347
0.658507
0.658507
0.336743
0.336743
0.336743
0.832220
0.832220
0.123574
0.123574
0.123574
0.027207
0.027207
0.470389
0.470389
0.470389
0.991995
0.991995
0.717989
0.717989
0.717989
0.105251
0.105251
0.336743
0.336743
0.336743
0.717989
0.717989
0.470389
0.470389
0.470389
0.534725
0.534725
0.196347
0.196347
0.196347
0.049062
0.049062
0.775887
0.775887
0.775887
0.887004
0.887004
0.267397
0.267397
0.267397
0.658507
0.658507
0.658507
0.658507
0.196347
0.196347
0.027207
0.027207
0.027207
0.404401
0.404401
0.658507
0.658507
0.658507
0.435514
0.435514
0.049062
0.049062
0.049062
0.534725
0.534725
0.470389
0.470389
0.470389
0.049062
0.049062
0.049062
0.470389
0.470389
0.027207
0.027207
0.336743
0.336743
0.336743
0.404401
0.404401
0.404401
0.196347
0.196347
0.105251
0.105251
0.105251
0.196347
0.196347
0.267397
0.267397
0.267397
0.658507
0.658507
0.123574
0.123574
0.123574
0.611743
0.611743
0.611743
0.336743
0.336743
0.404401
0.404401
0.404401
0.404401
0.404401
0.105251
0.105251
0.105251
0.611743
0.611743
0.611743
0.267397
0.267397
0.350200
0.350200
0.350200
0.049062
0.049062
0.611743
0.611743
0.611743
0.350200
0.350200
0.267397
0.267397
0.267397
0.534725
0.534725
0.027207
0.027207
0.027207
0.470389
0.470389
0.470389
0.470389
0.470389
0.267397
0.267397
0.123574
0.123574
0.123574
0.185086
0.185086
0.267397
0.267397
0.267397
0.105251
0.105251
0.105251
0.105251
0.470389
0.470389
0.027207
0.027207
0.027207
0.890348
0.890348
0.470389
0.470389
0.470389
0.267397
0.267397
0.404401
0.404401
0.404401
0.196347
0.196347
0.336743
0.336743
0.336743
0.027207
0.027207
1.138303
1.138303
1.138303
0.404401
0.404401
0.123574
0.123574
0.123574
0.049062
0.049062
0.196347
0.196347
0.196347
0.185086
0.185086
0.435514
0.435514
0.435514
0.658507
0.658507
0.185086
0.185086
0.185086
0.404401
0.404401
0.404401
0.267397
0.267397
0.267397
0.775887
0.775887
0.775887
0.470389
0.470389
0.196347
0.196347
0.196347
0.267397
0.267397
0.717989
0.717989
0.717989
0.105251
0.105251
0.049062
0.049062
0.049062
0.470389
0.470389
0.717989
0.717989
0.717989
0.123574
0.123574
0.890348
0.890348
0.890348
0.795555
0.795555
0.658507
0.658507
0.658507
0.435514
0.435514
0.404401
0.404401
0.404401
1.186485
1.186485
0.470389
0.470389
0.470389
0.404401
0.404401
0.404401
0.123574
0.123574
0.267397
0.267397
0.267397
0.196347
0.196347
0.890348
0.890348
0.890348
0.775887
0.775887
0.775887
0.350200
0.350200
0.049062
0.049062
0.049062
0.534725
0.534725
0.105251
0.105251
0.105251
0.336743
0.336743
0.049062
0.049062
0.049062
0.658507
0.658507
1.042238
1.042238
1.042238
0.404401
0.404401
0.105251
0.105251
0.105251
0.027207
0.027207
0.105251
0.105251
0.105251
0.336743
0.336743
0.027207
0.027207
0.027207
0.185086
0.185086
0.027207
0.027207
0.027207
0.027207
0.470389
0.470389
0.049062
0.049062
0.049062
0.940256
0.940256
0.027207
0.027207
0.027207
0.404401
0.404401
0.534725
0.534725
0.534725
0.702693
0.702693
0.597425
0.597425
0.597425
0.534725
0.534725
0.336743
0.336743
0.336743
0.658507
0.658507
0.123574
0.123574
0.123574
0.027207
0.027207
0.404401
0.404401
0.404401
0.049062
0.049062
0.196347
0.196347
0.196347
0.027207
0.027207
0.027207
0.435514
0.435514
0.027207
0.027207
0.027207
0.049062
0.049062
0.123574
0.123574
0.123574
0.049062
0.049062
0.267397
0.267397
0.267397
0.027207
0.027207
0.027207
0.196347
0.196347
0.123574
0.123574
0.123574
0.123574
0.123574
0.105251
0.105251
0.105251
0.196347
0.196347
0.049062
0.049062
0.049062
0.185086
0.185086
0.404401
0.404401
0.404401
0.717989
0.717989
0.658507
0.658507
0.658507
0.105251
0.105251
0.049062
0.049062
0.049062
0.702693
0.702693
0.522689
0.522689
0.522689
0.336743
0.336743
0.611743
0.611743
0.611743
0.611743
0.027207
0.027207
0.336743
0.336743
0.336743
0.027207
0.027207
0.027207
0.027207
0.027207
0.336743
0.336743
0.027207
0.027207
0.027207
0.597425
0.597425
0.350200
0.350200
0.350200
0.123574
0.123574
0.336743
0.336743
0.336743
0.350200
0.350200
0.049062
0.049062
0.049062
0.185086
0.185086
0.336743
0.336743
0.336743
0.470389
0.470389
0.350200
0.350200
0.350200
0.775887
0.775887
0.775887
0.185086
0.185086
0.470389
0.470389
0.470389
0.267397
0.267397
0.266730
0.266730
0.266730
0.470389
0.470389
0.470389
0.267397
0.267397
0.522689
0.522689
0.522689
0.049062
0.049062
0.123574
0.123574
0.123574
0.350200
0.350200
0.717989
0.717989
0.717989
0.470389
0.470389
0.267397
0.267397
0.267397
0.049062
0.049062
0.105251
0.105251
0.105251
0.350200
0.350200
0.196347
0.196347
0.196347
0.534725
0.534725
0.027207
0.027207
0.027207
0.123574
0.123574
0.123574
0.336743
0.336743
0.123574
0.123574
0.123574
0.027207
0.027207
0.123574
0.123574
0.123574
0.597425
0.597425
0.717989
0.717989
0.717989
0.105251
0.105251
0.611743
0.611743
0.611743
0.611743
0.611743
0.522689
0.522689
0.522689
0.027207
0.027207
0.105251
0.105251
0.105251
0.266730
0.266730
0.336743
0.336743
0.336743
0.534725
0.534725
1.085796
1.085796
1.085796
0.123574
0.123574
0.266730
0.266730
0.266730
0.404401
0.404401
0.404401
0.717989
0.717989
0.435514
0.435514
0.435514
0.404401
0.404401
0.404401
0.196347
0.196347
0.717989
0.717989
0.717989
0.470389
0.470389
0.027207
0.027207
0.027207
0.196347
0.196347
0.597425
0.597425
0.597425
0.267397
0.267397
0.196347
0.196347
0.196347
0.267397
0.267397
0.049062
0.049062
0.049062
0.597425
0.597425
0.597425
0.267397
0.267397
0.702693
0.702693
0.702693
0.336743
0.336743
0.123574
0.123574
0.123574
0.123574
0.123574
0.049062
0.049062
0.049062
0.534725
0.534725
0.890348
0.890348
0.890348
0.196347
0.196347
0.196347
0.717989
0.717989
0.027207
0.027207
0.027207
0.185086
0.185086
0.435514
0.435514
0.435514
0.775887
0.775887
0.534725
0.534725
0.534725
0.105251
0.105251
0.105251
0.105251
0.105251
0.027207
0.027207
0.336743
0.336743
0.336743
1.094577
1.094577
0.913556
0.913556
0.385967
0.385967
0.385967
0.046962
0.046962
0.913556
0.913556
0.913556
1.464459
1.464459
2.236071
2.236071
2.236071
1.653355
1.653355
1.653355
2.039143
2.039143
1.094577
1.094577
1.094577
1.844910
1.844910
0.559269
0.559269
1.464459
1.464459
1.464459
2.039143
2.039143
2.039143
2.039143
0.913556
0.913556
1.094577
1.094577
1.094577
1.844910
1.844910
2.236071
2.236071
2.236071
2.236071
2.236071
1.278205
1.278205
1.278205
0.559269
0.559269
1.094577
1.094577
1.094577
2.236071
2.236071
1.844910
1.844910
1.844910
1.653355
1.653355
1.653355
1.653355
1.653355
2.039143
2.039143
2.236071
2.236071
2.236071
2.236071
2.236071
1.844910
1.844910
1.844910
0.913556
0.913556
2.236071
2.236071
2.236071
2.039143
2.039143
1.844910
1.844910
1.844910
1.464459
1.464459
0.215204
0.215204
0.215204
1.653355
1.653355
0.913556
0.913556
1.653355
1.653355
1.653355
1.094577
1.094577
1.844910
1.844910
1.464459
1.464459
1.464459
2.236071
2.236071
2.236071
1.844910
1.844910
1.844910
1.653355
1.653355
0.735126
0.735126
0.735126
1.653355
1.653355
0.735126
0.735126
1.464459
1.464459
1.464459
0.385967
0.385967
2.236071
2.236071
2.236071
1.094577
1.094577
1.278205
1.278205
1.653355
1.653355
1.653355
2.236071
2.236071
1.653355
1.653355
1.653355
1.464459
1.464459
1.464459
1.653355
1.653355
0.385967
0.385967
0.385967
0.913556
0.913556
0.913556
0.559269
0.559269
1.278205
1.278205
1.278205
1.653355
1.653355
1.653355
1.278205
1.278205
0.559269
0.559269
0.559269
0.913556
0.913556
1.094577
1.094577
1.278205
1.278205
1.278205
1.094577
1.094577
1.094577
1.094577
1.094577
2.236071
2.236071
2.236071
1.653355
1.653355
1.653355
1.653355
0.913556
0.913556
0.215204
0.215204
0.215204
1.844910
1.844910
1.844910
1.464459
1.464459
0.118777
0.118777
0.118777
1.464459
1.464459
1.464459
1.464459
1.464459
1.653355
1.653355
0.913556
0.913556
0.913556
1.464459
1.464459
1.464459
1.464459
1.464459
0.735126
0.735126
1.464459
1.464459
1.464459
1.464459
1.464459
0.215204
0.215204
0.385967
0.385967
1.278205
1.278205
1.278205
1.278205
1.278205
1.278205
2.236071
2.236071
2.039143
2.039143
2.039143
2.236071
2.236071
1.278205
1.278205
1.278205
1.278205
1.278205
1.653355
1.653355
1.653355
2.039143
2.039143
1.844910
1.844910
1.844910
1.464459
1.464459
1.464459
2.236071
2.236071
2.039143
2.039143
1.844910
1.844910
1.844910
1.094577
1.094577
2.236071
2.236071
2.236071
1.278205
1.278205
0.046962
0.046962
0.046962
1.844910
1.844910
1.844910
1.844910
1.844910
1.844910
1.844910
1.844910
1.653355
1.653355
1.653355
1.278205
1.278205
1.278205
2.236071
2.236071
0.913556
0.913556
0.913556
2.039143
2.039143
2.039143
2.236071
2.236071
2.236071
1.844910
1.844910
1.653355
1.653355
1.653355
1.844910
1.844910
2.039143
2.039143
2.039143
2.039143
2.039143
0.735126
0.735126
0.735126
2.039143
2.039143
1.844910
1.844910
1.844910
1.464459
1.464459
1.464459
1.094577
1.094577
1.094577
1.094577
1.094577
1.653355
1.653355
1.653355
1.653355
1.653355
1.653355
1.464459
1.464459
1.653355
1.653355
2.039143
2.039143
2.039143
2.236071
2.236071
1.278205
1.278205
1.278205
0.385967
0.385967
1.464459
1.464459
1.464459
0.385967
0.385967
1.094577
1.094577
1.094577
1.464459
1.464459
1.844910
1.844910
1.844910
1.464459
1.464459
1.464459
1.278205
1.278205
0.910525
0.910525
1.278205
1.278205
1.278205
1.464459
1.464459
1.464459
1.464459
0.735126
0.735126
0.735126
1.464459
1.464459
1.464459
1.464459
1.464459
0.046962
0.046962
0.215204
0.215204
0.215204
1.653355
1.653355
0.559269
0.559269
0.559269
2.039143
2.039143
1.844910
1.844910
1.844910
1.278205
1.278205
0.559269
0.559269
0.559269
0.913556
0.913556
0.913556
1.278205
1.278205
1.844910
1.844910
1.844910
1.653355
1.653355
0.559269
0.559269
0.559269
0.046962
0.046962
0.559269
0.559269
0.559269
1.844910
1.844910
1.844910
1.464459
1.464459
1.278205
1.278205
1.278205
2.236071
2.236071
1.844910
1.844910
1.844910
2.039143
2.039143
1.464459
1.464459
1.464459
1.464459
1.464459
0.385967
0.385967
1.844910
1.844910
1.844910
1.464459
1.464459
1.844910
1.844910
1.844910
1.844910
1.844910
1.278205
1.278205
1.278205
0.913556
0.913556
1.844910
1.844910
1.844910
1.844910
1.844910
1.094577
1.094577
1.094577
2.039143
2.039143
2.039143
1.278205
1.278205
2.039143
2.039143
2.039143
1.094577
1.094577
1.278205
1.278205
1.278205
0.559269
0.559269
0.215204
0.215204
0.215204
1.653355
1.653355
1.653355
1.653355
1.653355
1.653355
0.735126
0.735126
1.844910
1.844910
1.844910
2.236071
2.236071
2.236071
2.236071
2.236071
0.559269
0.559269
1.278205
1.278205
1.278205
1.278205
1.278205
1.278205
1.278205
1.278205
0.913556
0.913556
2.236071
2.236071
2.236071
0.910525
0.910525
1.524806
1.089421
1.089421
1.089421
1.089421
1.089421
1.089421
1.089421
0.642632
0.642632
0.642632
1.089421
1.089421
1.089421
1.089421
1.089421
0.867461
0.867461
1.089421
1.089421
1.089421
1.308530
1.308530
1.524806
1.524806
1.524806
0.867461
0.867461
1.524806
1.524806
1.524806
1.089421
1.089421
1.308530
1.308530
1.308530
1.089421
1.089421
1.089421
1.524806
1.524806
1.089421
1.089421
1.089421
1.089421
0.867461
0.867461
1.524806
1.524806
1.524806
0.867461
0.867461
1.308530
1.308530
1.308530
1.308530
1.308530
1.089421
1.089421
1.089421
1.738265
1.738265
0.867461
0.867461
0.867461
1.308530
1.308530
1.524806
1.524806
1.524806
1.089421
1.089421
1.308530
1.308530
1.308530
1.738265
1.738265
1.089421
1.089421
1.089421
0.642632
0.642632
1.524806
1.524806
1.524806
0.867461
0.867461
0.867461
1.308530
1.308530
0.867461
0.867461
0.867461
0.867461
0.867461
0.867461
1.308530
1.308530
1.308530
1.308530
1.308530
1.089421
1.089421
1.308530
1.308530
1.308530
1.308530
1.308530
1.308530
1.308530
1.308530
1.524806
1.524806
1.308530
1.308530
1.308530
0.867461
0.867461
1.948926
1.948926
1.948926
1.089421
1.089421
1.524806
1.524806
1.524806
1.524806
1.524806
1.089421
1.089421
1.089421
1.089421
1.089421
1.089421
1.089421
1.089421
1.524806
1.524806
1.308530
1.308530
1.308530
1.089421
1.089421
1.089421
1.308530
1.308530
1.308530
0.867461
0.867461
1.089421
1.089421
1.089421
0.867461
0.867461
1.308530
1.308530
1.308530
1.089421
1.089421
1.089421
1.089421
1.089421
0.867461
0.867461
1.308530
1.308530
1.308530
1.524806
1.524806
1.948926
1.948926
1.948926
1.089421
1.089421
1.738265
1.738265
1.738265
1.524806
1.524806
1.089421
1.089421
1.089421
1.738265
1.738265
1.738265
1.308530
1.308530
1.089421
1.089421
1.089421
0.867461
0.867461
1.308530
1.308530
1.308530
1.308530
1.308530
0.867461
0.867461
0.867461
1.308530
1.308530
1.089421
1.089421
1.089421
0.867461
0.867461
0.867461
1.089421
1.089421
0.867461
0.867461
0.867461
0.867461
0.867461
1.089421
1.089421
1.089421
1.089421
1.089421
0.414918
0.414918
0.414918
0.867461
0.867461
2.156805
2.156805
2.156805
1.089421
1.089421
0.867461
0.867461
0.867461
1.738265
1.738265
1.524806
1.524806
1.524806
1.308530
1.308530
1.089421
1.089421
1.089421
1.089421
1.089421
1.308530
1.308530
1.308530
1.738265
1.738265
1.738265
1.308530
1.308530
1.089421
1.089421
1.089421
0.867461
0.867461
1.308530
1.308530
1.308530
1.524806
1.524806
1.524806
1.524806
1.524806
1.089421
1.089421
1.308530
1.308530
1.308530
0.867461
0.867461
1.089421
1.089421
1.089421
1.308530
1.308530
1.089421
1.089421
1.089421
1.089421
1.089421
1.089421
1.308530
1.308530
0.642632
0.642632
1.089421
1.089421
1.089421
1.089421
1.308530
1.089421
1.089421
1.089421
1.089421
1.308530
1.308530
1.524806
1.524806
1.524806
1.308530
1.308530
1.089421
1.089421
1.089421
0.867461
0.867461
1.308530
1.308530
1.308530
1.308530
1.308530
1.308530
1.308530
1.308530
0.867461
0.867461
0.867461
0.867461
0.867461
1.089421
1.089421
1.089421
1.089421
1.089421
0.867461
0.867461
0.867461
0.867461
0.867461
1.089421
1.089421
1.089421
1.308530
1.308530
0.867461
0.867461
0.867461
1.308530
1.308530
1.738265
1.738265
1.738265
1.738265
1.308530
1.308530
1.089421
1.089421
1.089421
1.308530
1.308530
1.308530
1.308530
1.308530
1.089421
1.089421
1.524806
1.524806
1.524806
1.524806
1.524806
0.867461
0.867461
0.867461
1.524806
1.524806
1.089421
1.089421
1.089421
0.867461
0.867461
1.524806
1.524806
1.524806
1.738265
1.738265
1.308530
1.308530
1.308530
1.524806
1.524806
1.524806
1.738265
1.738265
1.524806
1.524806
1.524806
1.948926
1.948926
1.308530
1.308530
1.308530
1.089421
1.089421
1.089421
0.867461
0.867461
0.867461
1.308530
1.308530
1.738265
1.738265
1.738265
0.642632
0.642632
1.089421
1.089421
1.089421
1.308530
1.308530
1.089421
1.089421
1.089421
1.089421
1.089421
1.308530
1.308530
1.308530
1.308530
1.308530
1.738265
1.738265
1.738265
1.524806
1.524806
1.524806
1.524806
1.524806
0.867461
0.867461
0.867461
1.308530
1.308530
1.308530
1.308530
1.308530
0.867461
0.867461
1.089421
1.089421
1.089421
1.738265
1.738265
2.156805
2.156805
2.156805
1.308530
1.308530
1.308530
0.867461
0.867461
1.524806
1.524806
1.524806
0.867461
0.867461
0.642632
0.642632
0.642632
1.948926
1.948926
1.089421
1.089421
1.089421
0.867461
0.867461
1.308530
1.308530
1.308530
1.524806
1.524806
1.089421
1.089421
1.089421
1.089421
1.089421
1.308530
1.308530
1.308530
1.089421
1.089421
1.524806
1.524806
1.524806
1.089421
1.089421
2.156805
2.156805
2.156805
1.738265
1.738265
1.308530
1.308530
1.308530
1.089421
1.089421
1.089421
1.089421
1.089421
1.524806
1.524806
1.524806
0.867461
0.867461
1.308530
1.308530
1.308530
1.089421
1.089421
1.089421
1.089421
1.089421
1.089421
1.089421
1.738265
1.738265
1.738265
1.524806
1.524806
1.738265
1.738265
1.738265
1.738265
1.738265
1.524806
1.524806
1.524806
1.089421
1.089421
0.642632
0.642632
0.642632
1.308530
1.308530
1.089421
1.089421
1.089421
1.308530
1.308530
1.524806
1.524806
1.524806
1.089421
1.089421
1.089421
1.308530
1.308530
1.308530
1.738265
1.738265
1.308530
1.308530
1.308530
1.089421
1.089421
1.089421
1.089421
1.089421
1.524806
1.524806
0.867461
0.867461
0.867461
0.867461
0.867461
1.308530
1.308530
1.308530
1.524806
1.524806
1.089421
1.089421
1.089421
1.308530
1.308530
1.524806
1.524806
1.524806
0.642632
0.642632
0.642632
1.089421
1.089421
1.089421
1.089421
1.089421
1.308530
1.308530
1.738265
1.738265
1.738265
0.642632
0.642632
1.308530
1.308530
1.308530
1.308530
1.308530
1.308530
1.308530
1.089421
1.089421
1.524806
1.524806
1.524806
1.089421
1.089421
1.738265
1.738265
1.738265
1.308530
1.308530
1.089421
1.089421
1.089421
0.867461
0.867461
1.089421
1.089421
1.089421
1.948926
1.948926
1.308530
1.308530
1.308530
1.308530
1.308530
1.948926
1.948926
1.948926
1.089421
1.089421
1.308530
1.308530
1.308530
1.089421
1.089421
1.089421
1.089421
1.089421
1.089421
1.089421
