1.316816
1.316816
0.586680
0.586680
0.586680
0.386362
0.386362
0.504909
0.504909
0.504909
1.532153
1.532153
0.174734
0.174734
0.174734
0.280746
0.280746
0.625607
0.625607
0.625607
0.874827
0.874827
0.043445
0.043445
0.043445
0.386362
0.386362
0.873523
0.873523
0.873523
0.586680
0.586680
0.269947
0.269947
0.269947
0.486702
0.486702
0.486702
0.386362
0.386362
1.261955
1.261955
1.261955
1.670676
1.670676
0.504909
0.504909
0.043445
0.043445
0.043445
0.280746
0.280746
0.280746
0.384729
0.384729
0.384729
0.384729
0.384729
1.954660
1.954660
0.625607
0.625607
0.625607
0.386362
0.386362
0.386362
0.155647
0.155647
0.586680
0.586680
0.586680
0.873523
0.873523
1.130247
1.130247
1.057274
1.057274
1.057274
0.280746
0.280746
0.873523
0.873523
0.873523
0.504909
0.504909
0.504909
0.780725
0.780725
0.748472
0.748472
0.748472
1.395918
1.395918
0.043445
0.043445
0.043445
1.057274
1.057274
1.261955
1.261955
1.261955
0.874827
0.874827
0.384729
0.384729
0.384729
1.130247
1.130247
1.130247
1.130247
1.130247
0.748472
0.748472
1.954660
1.954660
1.954660
1.395918
1.395918
0.280746
0.280746
0.280746
0.873523
0.873523
0.504909
0.504909
0.504909
0.155647
0.155647
0.504909
0.504909
0.504909
1.954660
1.954660
1.954660
0.269947
0.269947
0.269947
0.269947
0.625607
0.625607
0.625607
0.967004
0.967004
0.967004
1.811506
1.811506
0.386362
0.386362
0.386362
0.504909
0.504909
1.670676
1.670676
0.174734
0.174734
0.174734
0.873523
0.873523
1.670676
1.670676
1.670676
1.532153
1.532153
1.261955
1.261955
1.261955
0.504909
0.504909
0.748472
0.748472
0.748472
0.873523
0.873523
1.130247
1.130247
1.130247
1.532153
1.532153
0.780725
0.780725
0.780725
0.269947
0.269947
1.261955
1.261955
1.261955
0.386362
0.386362
0.066676
0.066676
0.066676
0.873523
0.873523
0.269947
0.269947
0.269947
0.269947
0.625607
0.625607
0.748472
0.748472
0.748472
0.748472
0.748472
0.269947
0.269947
0.269947
0.625607
0.625607
1.057274
1.057274
1.057274
0.174734
0.174734
0.486702
0.486702
0.486702
0.586680
0.586680
1.395918
1.395918
1.395918
0.269947
0.269947
1.145654
1.145654
1.145654
0.066676
0.066676
0.384729
0.384729
0.384729
1.130247
1.130247
0.386362
0.386362
0.386362
0.280746
0.280746
0.066676
0.066676
0.066676
0.155647
0.155647
0.386362
0.386362
0.386362
0.386362
0.280746
0.280746
0.625607
0.625607
0.625607
0.873523
0.873523
0.384729
0.384729
0.384729
1.130247
1.130247
2.100154
2.100154
2.100154
0.155647
0.155647
1.261955
1.261955
1.261955
0.386362
0.386362
0.486702
0.486702
0.486702
0.066676
0.066676
1.532153
1.532153
1.532153
0.748472
0.748472
0.066676
0.066676
0.504909
0.504909
0.504909
0.155647
0.155647
0.155647
1.261955
1.261955
0.174734
0.174734
0.174734
0.384729
0.384729
0.174734
0.174734
0.174734
0.066676
0.066676
0.155647
0.155647
0.155647
0.174734
0.174734
0.684682
0.684682
0.684682
0.625607
0.625607
0.269947
0.269947
0.269947
0.269947
0.269947
0.780725
0.780725
0.780725
0.780725
0.780725
0.386362
0.386362
0.386362
0.386362
0.043445
0.043445
0.386362
0.386362
0.174734
0.174734
0.174734
0.174734
0.174734
0.174734
0.625607
0.625607
1.954660
1.954660
0.873523
0.873523
0.873523
0.486702
0.486702
0.748472
0.748472
0.748472
1.811506
1.811506
0.280746
0.280746
0.280746
0.967004
0.967004
0.967004
1.000775
1.000775
0.873523
0.873523
0.873523
0.625607
0.625607
1.395918
1.395918
1.395918
0.066676
0.066676
0.386362
0.386362
0.386362
1.000775
1.000775
0.873523
0.873523
0.873523
1.395918
1.395918
0.043445
0.043445
0.043445
0.280746
0.280746
0.280746
0.174734
0.174734
0.155647
0.155647
0.155647
0.967004
0.967004
0.504909
0.504909
0.504909
0.269947
0.269947
0.504909
0.504909
0.504909
0.384729
0.384729
1.395918
1.395918
1.395918
0.748472
0.748472
1.000775
1.000775
1.000775
0.386362
0.386362
0.873523
0.873523
0.873523
1.670676
1.670676
0.155647
0.155647
0.155647
0.625607
0.625607
0.043445
0.043445
0.043445
1.261955
1.261955
0.280746
0.280746
0.280746
0.625607
0.625607
1.057274
1.057274
1.057274
0.174734
0.174734
1.670676
1.670676
1.670676
0.625607
0.625607
0.043445
0.043445
0.043445
1.670676
1.670676
1.670676
0.486702
0.486702
0.386362
0.386362
0.386362
0.748472
0.748472
0.155647
0.155647
0.155647
0.269947
0.269947
0.269947
1.000775
1.000775
1.261955
1.261955
1.261955
0.174734
0.174734
0.174734
1.395918
1.395918
0.066676
0.066676
0.066676
1.261955
1.261955
0.269947
0.196885
0.184207
0.184207
0.123813
0.123813
0.123813
0.262321
0.262321
0.147302
0.147302
0.147302
0.171705
0.171705
0.235807
0.235807
0.147302
0.147302
0.147302
0.135434
0.135434
0.135434
0.222703
0.222703
0.159398
0.159398
0.159398
0.159398
0.159398
0.196885
0.196885
0.196885
0.196885
0.196885
0.196885
0.196885
0.196885
0.196885
0.196885
0.209723
0.209723
0.209723
0.235807
0.235807
0.235807
0.147302
0.147302
0.147302
0.123813
0.123813
0.289124
0.289124
0.289124
0.222703
0.222703
0.235807
0.235807
0.235807
0.222703
0.222703
0.196885
0.196885
0.196885
0.235807
0.235807
0.184207
0.184207
0.184207
0.147302
0.147302
0.249019
0.249019
0.249019
0.302591
0.302591
0.159398
0.159398
0.159398
0.112456
0.112456
0.262321
0.262321
0.262321
0.090601
0.090601
0.184207
0.184207
0.184207
0.275695
0.275695
0.147302
0.147302
0.147302
0.101379
0.101379
0.101379
0.147302
0.147302
0.147302
0.275695
0.275695
0.316079
0.316079
0.316079
0.101379
0.101379
0.101379
0.101379
0.101379
0.222703
0.222703
0.222703
0.209723
0.209723
0.196885
0.196885
0.196885
0.356491
0.356491
0.209723
0.209723
0.209723
0.159398
0.159398
0.135434
0.135434
0.135434
0.184207
0.184207
0.209723
0.209723
0.209723
0.262321
0.262321
0.101379
0.101379
0.101379
0.302591
0.302591
0.171705
0.171705
0.171705
0.289124
0.289124
0.235807
0.235807
0.235807
0.262321
0.262321
0.262321
0.159398
0.159398
0.101379
0.101379
0.101379
0.289124
0.289124
0.090601
0.090601
0.090601
0.222703
0.222703
0.135434
0.135434
0.135434
0.135434
0.135434
0.196885
0.196885
0.196885
0.222703
0.222703
0.235807
0.235807
0.235807
0.222703
0.222703
0.289124
0.289124
0.289124
0.112456
0.112456
0.262321
0.262321
0.262321
0.147302
0.147302
0.147302
0.159398
0.159398
0.222703
0.222703
0.222703
0.080139
0.080139
0.262321
0.262321
0.262321
0.184207
0.184207
0.184207
0.262321
0.262321
0.101379
0.101379
0.101379
0.196885
0.196885
0.235807
0.235807
0.235807
0.184207
0.184207
0.209723
0.209723
0.209723
0.184207
0.184207
0.135434
0.135434
0.135434
0.171705
0.171705
0.184207
0.184207
0.184207
0.135434
0.135434
0.336743
0.185086
0.185086
0.267397
0.267397
0.267397
0.196347
0.196347
0.350200
0.350200
0.350200
0.266730
0.266730
0.185086
0.185086
0.185086
0.470389
0.470389
0.266730
0.266730
0.266730
0.267397
0.267397
0.027207
0.027207
0.027207
0.795555
0.795555
0.266730
0.266730
0.266730
0.049062
0.049062
0.611743
0.611743
0.611743
0.049062
0.049062
0.049062
0.435514
0.435514
0.266730
0.266730
0.266730
0.266730
0.336743
0.336743
0.336743
0.775887
0.775887
0.027207
0.027207
0.027207
0.350200
0.350200
0.105251
0.105251
0.105251
0.890348
0.890348
0.267397
0.267397
0.267397
0.105251
0.105251
0.196347
0.196347
0.196347
0.987089
0.987089
0.027207
0.027207
0.027207
0.105251
0.105251
0.105251
0.105251
0.105251
0.702693
0.702693
0.522689
0.522689
0.522689
0.534725
0.534725
0.027207
0.027207
0.027207
0.105251
0.105251
0.795555
0.795555
0.795555
0.336743
0.336743
0.336743
0.611743
0.611743
0.123574
0.123574
0.123574
0.611743
0.611743
0.105251
0.105251
0.105251
0.435514
0.435514
0.435514
0.027207
0.027207
0.350200
0.350200
0.350200
0.123574
0.123574
0.196347
0.196347
0.196347
0.185086
0.185086
0.105251
0.105251
0.105251
0.336743
0.336743
0.196347
0.196347
0.196347
0.336743
0.336743
0.717989
0.717989
0.717989
0.702693
0.702693
0.049062
0.049062
0.049062
0.350200
0.350200
0.105251
0.105251
0.105251
0.185086
0.185086
0.185086
0.435514
0.435514
0.435514
0.196347
0.196347
0.027207
0.027207
0.027207
0.049062
0.049062
0.795555
0.795555
0.795555
0.027207
0.027207
0.266730
0.266730
0.266730
0.336743
0.336743
0.336743
0.185086
0.185086
0.470389
0.470389
0.470389
0.522689
0.522689
0.185086
0.185086
0.185086
0.336743
0.336743
0.267397
0.267397
0.267397
1.720277
1.720277
0.196347
0.196347
0.196347
0.404401
0.404401
1.186485
1.186485
1.186485
0.795555
0.795555
0.105251
0.105251
0.105251
0.196347
0.196347
0.196347
0.435514
0.435514
0.196347
0.196347
0.196347
0.435514
0.435514
0.435514
0.702693
0.702693
0.336743
0.336743
0.336743
0.196347
0.196347
0.266730
0.266730
0.266730
0.597425
0.597425
0.185086
0.185086
0.185086
0.658507
0.658507
0.435514
0.435514
0.435514
0.266730
0.266730
0.185086
0.185086
0.185086
0.027207
0.027207
0.266730
0.266730
0.266730
0.266730
0.266730
0.027207
0.027207
0.027207
0.336743
0.336743
0.336743
0.404401
0.404401
0.336743
0.336743
0.336743
0.350200
0.350200
0.027207
0.027207
0.027207
0.123574
0.123574
0.185086
0.185086
0.185086
0.196347
0.196347
0.350200
0.350200
0.350200
0.196347
0.196347
0.123574
0.123574
0.123574
0.404401
0.404401
0.795555
0.795555
0.795555
0.123574
0.123574
0.123574
0.266730
0.266730
0.185086
0.185086
0.185086
0.404401
0.404401
0.027207
0.027207
0.027207
0.702693
0.702693
0.196347
0.196347
0.196347
0.049062
0.049062
0.049062
0.027207
0.027207
0.350200
0.350200
0.350200
0.196347
0.196347
0.049062
0.049062
0.049062
0.522689
0.522689
0.795555
0.795555
0.795555
0.435514
0.435514
0.049062
0.049062
0.049062
0.336743
0.336743
0.336743
0.611743
0.611743
0.049062
0.049062
0.049062
0.350200
0.350200
0.404401
0.404401
0.404401
0.027207
0.027207
0.522689
0.522689
0.522689
0.123574
0.123574
0.049062
0.049062
0.049062
0.404401
0.404401
0.534725
0.534725
0.534725
0.470389
0.470389
0.470389
0.534725
0.534725
0.123574
0.123574
0.123574
0.105251
0.105251
0.266730
0.266730
0.266730
0.266730
0.266730
0.267397
0.267397
0.267397
0.027207
0.027207
0.105251
0.105251
0.105251
0.597425
0.597425
0.185086
0.185086
0.185086
0.049062
0.049062
0.049062
0.185086
0.185086
0.027207
0.027207
0.027207
0.196347
0.196347
0.105251
0.105251
0.105251
0.196347
0.196347
0.105251
0.105251
0.105251
0.185086
0.185086
0.027207
0.027207
0.027207
0.522689
0.522689
0.522689
0.196347
0.196347
0.196347
0.027207
0.027207
0.049062
0.049062
0.049062
0.350200
0.350200
0.266730
0.266730
0.266730
0.611743
0.611743
0.049062
0.049062
0.049062
0.049062
0.049062
0.185086
0.185086
0.185086
0.597425
0.597425
0.890348
0.890348
0.890348
0.597425
0.597425
0.049062
0.049062
0.049062
0.435514
0.435514
0.404401
0.404401
0.404401
0.522689
0.522689
0.522689
0.123574
0.123574
0.185086
0.185086
0.185086
0.105251
0.105251
0.267397
0.267397
0.267397
0.470389
0.470389
0.470389
0.597425
0.597425
0.522689
0.522689
0.522689
0.105251
0.105251
0.105251
0.105251
0.105251
0.267397
0.267397
0.266730
0.266730
0.266730
0.267397
0.267397
0.267397
0.185086
0.185086
0.185086
0.185086
0.185086
0.123574
0.123574
0.185086
0.185086
0.185086
0.027207
0.027207
0.123574
0.123574
0.123574
0.611743
0.611743
0.522689
0.522689
0.522689
0.196347
0.196347
0.611743
0.611743
0.611743
0.185086
0.185086
0.185086
0.611743
0.611743
0.611743
0.049062
0.049062
0.597425
0.597425
0.597425
0.123574
0.123574
0.185086
0.185086
0.185086
0.611743
0.611743
0.534725
0.534725
0.534725
0.435514
0.435514
0.049062
0.049062
0.049062
0.123574
0.123574
0.435514
0.435514
0.435514
0.105251
0.105251
0.435514
0.435514
0.435514
0.795555
0.795555
0.795555
0.105251
0.105251
0.196347
0.196347
0.196347
0.522689
0.522689
0.123574
0.123574
0.123574
1.393880
1.393880
0.266730
0.266730
0.266730
0.266730
0.266730
0.266730
0.435514
0.435514
0.185086
0.185086
0.185086
0.470389
0.470389
0.027207
0.027207
0.027207
0.123574
0.123574
0.522689
0.522689
0.522689
0.267397
0.267397
0.049062
0.049062
0.049062
0.105251
0.105251
0.049062
0.049062
0.049062
0.267397
0.267397
0.404401
0.404401
0.404401
0.266730
0.266730
0.027207
0.027207
0.027207
0.522689
0.522689
0.123574
0.123574
0.123574
0.196347
0.196347
0.266730
0.266730
0.266730
0.266730
0.266730
0.266730
0.123574
0.123574
0.597425
0.597425
0.597425
0.027207
0.027207
0.105251
0.105251
0.105251
0.123574
0.123574
0.795555
0.795555
0.795555
0.266730
0.266730
0.185086
0.185086
0.185086
0.913556
0.913556
0.913556
0.913556
1.464459
1.464459
1.464459
1.844910
1.844910
1.094577
1.094577
1.094577
1.844910
1.844910
1.844910
1.464459
1.464459
1.464459
1.464459
1.464459
0.215204
0.215204
1.278205
1.278205
1.278205
1.464459
1.464459
1.464459
0.385967
0.385967
0.385967
0.385967
0.385967
0.215204
0.215204
0.215204
1.464459
1.464459
1.653355
1.653355
1.653355
0.913556
0.913556
2.039143
2.039143
2.039143
0.913556
0.913556
1.653355
1.653355
1.653355
1.653355
1.464459
1.464459
1.464459
1.464459
1.464459
1.844910
1.844910
1.844910
1.464459
1.464459
1.464459
1.464459
1.464459
1.844910
1.844910
1.094577
1.094577
1.464459
1.464459
1.464459
0.046962
0.046962
0.046962
2.236071
2.236071
2.236071
1.844910
1.844910
1.844910
1.844910
1.844910
0.913556
0.913556
0.385967
0.385967
0.385967
2.039143
2.039143
1.844910
1.844910
1.844910
1.278205
1.278205
1.464459
1.464459
1.464459
1.464459
1.844910
1.844910
1.653355
1.653355
1.653355
1.464459
1.464459
1.464459
1.464459
1.464459
1.653355
1.653355
2.039143
2.039143
2.039143
1.653355
1.653355
1.094577
1.094577
1.094577
0.913556
0.913556
1.094577
1.094577
1.094577
1.464459
1.464459
1.278205
1.278205
1.278205
1.844910
1.844910
1.844910
2.039143
2.039143
2.039143
2.236071
2.236071
2.236071
1.278205
1.278205
1.278205
2.236071
2.236071
1.464459
1.464459
2.236071
2.236071
2.236071
1.094577
1.094577
1.844910
1.844910
1.844910
2.039143
2.039143
2.039143
0.735126
0.735126
0.735126
1.094577
1.094577
1.094577
1.844910
1.844910
2.236071
2.236071
2.236071
2.236071
2.236071
2.236071
2.236071
2.236071
1.464459
1.464459
0.913556
0.913556
0.913556
2.039143
2.039143
0.913556
0.913556
0.913556
0.913556
0.913556
0.913556
1.464459
1.464459
0.735126
0.735126
1.278205
1.278205
1.278205
1.844910
1.844910
0.559269
0.559269
0.559269
1.653355
1.653355
1.844910
1.844910
1.844910
0.559269
0.559269
2.039143
2.039143
2.039143
2.236071
2.236071
2.236071
2.236071
2.236071
1.653355
1.653355
1.653355
1.653355
1.653355
2.039143
2.039143
2.039143
1.653355
1.653355
1.094577
1.094577
1.094577
1.653355
1.653355
1.653355
1.653355
1.653355
2.039143
2.039143
2.039143
1.094577
1.094577
1.653355
1.653355
1.653355
0.215204
0.215204
0.559269
0.559269
0.559269
2.236071
2.236071
1.464459
1.464459
1.464459
1.464459
1.464459
1.844910
1.844910
1.844910
1.464459
1.464459
1.464459
1.653355
1.653355
0.913556
0.913556
0.913556
1.653355
1.653355
1.653355
1.653355
1.653355
0.559269
0.559269
0.559269
1.464459
1.464459
1.094577
1.094577
1.094577
1.094577
2.236071
2.236071
2.236071
2.236071
2.236071
1.094577
1.094577
1.094577
0.735126
0.735126
0.913556
0.913556
2.236071
2.236071
2.236071
2.039143
2.039143
2.039143
2.039143
2.039143
1.094577
1.094577
1.278205
1.278205
1.278205
2.039143
2.039143
2.039143
1.653355
1.653355
1.653355
0.735126
0.735126
2.236071
2.236071
2.236071
1.653355
1.653355
1.094577
1.094577
1.094577
1.278205
1.278205
0.913556
0.913556
0.913556
2.039143
2.039143
1.278205
1.278205
1.278205
0.913556
0.913556
1.278205
1.278205
1.278205
1.844910
1.844910
1.278205
1.278205
1.278205
1.844910
1.844910
1.844910
2.039143
2.039143
1.464459
1.464459
1.464459
1.094577
1.094577
1.278205
1.278205
1.278205
2.039143
2.039143
0.385967
0.385967
0.385967
1.844910
1.844910
1.844910
2.039143
2.039143
2.236071
2.236071
2.236071
0.913556
0.913556
1.278205
1.278205
1.278205
1.094577
1.094577
1.094577
1.278205
1.278205
0.913556
0.913556
0.913556
0.735126
0.735126
2.039143
2.039143
2.039143
0.913556
0.913556
1.278205
1.278205
1.278205
1.653355
1.653355
1.653355
1.653355
1.653355
1.653355
1.653355
1.653355
1.278205
1.278205
1.278205
2.039143
2.039143
0.559269
0.559269
0.559269
2.236071
2.236071
2.236071
1.844910
1.844910
2.236071
2.236071
2.236071
0.735126
0.735126
1.844910
1.844910
1.844910
0.735126
0.735126
1.464459
1.464459
1.464459
0.735126
0.735126
0.735126
2.236071
2.236071
2.236071
2.236071
2.236071
0.913556
0.913556
0.913556
1.653355
1.653355
1.653355
0.913556
0.913556
0.913556
1.844910
1.844910
0.913556
0.913556
0.913556
1.094577
1.094577
1.094577
2.039143
2.039143
2.039143
0.913556
0.913556
2.236071
2.236071
2.236071
1.844910
1.844910
1.844910
1.844910
1.844910
1.844910
1.844910
1.844910
2.039143
2.039143
0.735126
0.735126
0.735126
1.464459
1.464459
1.464459
0.913556
0.913556
2.039143
2.039143
2.039143
1.464459
1.464459
1.844910
1.844910
0.913556
0.913556
0.913556
2.236071
2.236071
1.094577
1.094577
1.094577
1.094577
1.094577
1.094577
0.913556
0.913556
2.039143
2.039143
2.039143
0.559269
0.559269
0.559269
2.236071
2.236071
2.236071
2.236071
2.236071
1.464459
1.464459
1.844910
1.844910
1.844910
2.236071
2.236071
1.464459
1.464459
1.464459
1.844910
1.844910
1.844910
1.844910
1.844910
1.464459
1.464459
0.559269
0.559269
0.559269
2.236071
2.236071
1.653355
1.653355
1.653355
1.094577
1.094577
1.094577
2.039143
2.039143
1.844910
1.844910
1.844910
1.844910
1.844910
1.653355
1.653355
1.653355
1.278205
1.278205
2.039143
2.039143
2.039143
1.653355
1.653355
1.278205
1.278205
1.278205
1.278205
1.278205
0.913556
0.913556
0.913556
2.236071
2.236071
2.236071
2.236071
2.236071
1.844910
1.844910
1.278205
1.278205
1.278205
1.844910
1.844910
1.844910
1.844910
1.844910
0.913556
0.913556
0.642632
0.642632
1.089421
1.089421
0.642632
0.642632
0.642632
1.089421
1.089421
0.867461
0.867461
0.867461
1.089421
1.089421
1.089421
1.089421
1.089421
0.867461
0.867461
0.867461
0.867461
0.867461
1.089421
1.089421
1.089421
1.089421
1.089421
1.089421
1.308530
1.308530
1.308530
1.308530
1.308530
1.308530
1.308530
1.308530
1.308530
1.308530
1.308530
1.308530
1.308530
1.308530
1.308530
0.867461
0.867461
0.867461
1.308530
1.308530
1.524806
1.524806
1.524806
0.867461
0.867461
0.642632
0.642632
0.642632
0.867461
0.867461
1.308530
1.308530
1.308530
1.089421
1.089421
1.308530
1.308530
1.308530
1.524806
1.524806
1.524806
1.524806
1.524806
1.089421
1.089421
0.867461
0.867461
0.867461
0.867461
0.867461
0.867461
1.308530
1.308530
1.308530
1.308530
1.308530
1.089421
1.089421
1.089421
1.308530
1.308530
0.867461
0.867461
0.867461
0.642632
0.642632
0.642632
0.867461
0.867461
0.867461
0.867461
0.867461
1.524806
1.524806
1.524806
1.524806
1.524806
1.089421
1.089421
1.308530
1.308530
1.308530
1.089421
1.089421
1.524806
1.524806
1.524806
1.089421
1.089421
1.308530
1.308530
1.308530
1.089421
1.089421
1.308530
1.308530
1.308530
0.867461
0.867461
0.867461
1.089421
1.089421
1.089421
1.089421
1.089421
1.089421
1.089421
1.089421
1.089421
1.089421
1.948926
1.948926
1.308530
1.308530
1.308530
1.089421
1.089421
1.308530
1.308530
1.308530
0.867461
0.867461
0.867461
1.089421
1.089421
0.867461
0.867461
0.867461
1.308530
1.308530
1.308530
1.308530
1.308530
0.867461
0.867461
0.867461
0.867461
0.867461
0.867461
0.867461
0.867461
0.867461
0.867461
0.642632
0.642632
1.089421
1.089421
1.089421
1.089421
1.738265
1.738265
1.524806
1.524806
1.524806
1.308530
1.308530
1.308530
1.308530
1.308530
1.308530
1.308530
1.308530
1.308530
1.308530
1.089421
1.089421
1.089421
1.089421
1.089421
1.738265
1.738265
1.089421
1.089421
1.089421
1.308530
1.308530
1.089421
1.089421
1.089421
1.089421
1.089421
1.524806
1.524806
1.524806
1.308530
1.308530
1.308530
1.308530
1.308530
0.867461
0.867461
1.089421
1.089421
1.089421
1.308530
1.308530
1.308530
0.867461
0.867461
0.867461
0.867461
0.867461
1.089421
1.089421
1.089421
1.524806
1.524806
0.642632
0.642632
0.642632
1.089421
1.089421
1.089421
1.308530
1.308530
1.089421
1.089421
1.089421
1.089421
1.089421
1.524806
1.524806
1.524806
1.308530
1.308530
1.089421
1.089421
1.089421
1.308530
1.308530
1.308530
1.308530
1.308530
1.089421
1.089421
1.089421
1.089421
1.089421
0.867461
0.867461
1.089421
1.089421
1.089421
1.524806
1.524806
0.867461
0.867461
0.867461
1.524806
1.524806
1.524806
1.089421
1.089421
1.089421
1.089421
1.089421
1.089421
1.089421
1.524806
1.524806
1.524806
0.867461
0.867461
1.089421
1.089421
1.089421
1.308530
1.308530
1.308530
1.308530
1.308530
1.308530
1.308530
1.308530
0.642632
0.642632
1.089421
1.089421
1.308530
1.308530
1.308530
1.089421
1.089421
0.867461
0.867461
0.867461
1.308530
1.308530
1.308530
1.308530
1.308530
1.089421
1.089421
1.089421
1.089421
1.089421
1.524806
1.524806
1.524806
1.308530
1.308530
1.308530
1.524806
1.524806
1.524806
1.524806
1.524806
1.089421
1.089421
1.089421
0.867461
0.867461
1.089421
1.089421
1.089421
0.867461
0.867461
1.524806
1.524806
1.524806
0.867461
0.867461
1.308530
1.308530
1.308530
1.089421
1.089421
1.308530
1.308530
1.308530
1.089421
1.089421
1.089421
1.089421
1.089421
1.089421
1.089421
0.867461
0.867461
0.867461
1.308530
1.308530
1.524806
1.524806
1.524806
0.867461
0.867461
0.867461
0.867461
0.867461
1.524806
1.524806
1.524806
1.308530
1.308530
1.308530
1.308530
1.308530
0.867461
0.867461
0.867461
1.308530
1.308530
1.308530
1.308530
1.308530
1.308530
1.308530
1.308530
0.867461
0.867461
1.089421
1.089421
1.089421
1.089421
1.089421
1.089421
1.089421
1.089421
1.738265
1.738265
0.867461
0.867461
0.867461
1.308530
1.308530
1.089421
1.089421
1.089421
1.089421
1.089421
1.089421
1.089421
1.089421
1.308530
1.308530
1.524806
1.524806
1.524806
1.089421
1.089421
1.089421
1.089421
1.089421
1.089421
1.089421
1.089421
1.089421
1.089421
1.089421
1.308530
1.308530
1.308530
0.642632
0.642632
1.308530
1.308530
1.308530
1.089421
1.089421
1.089421
1.089421
1.089421
1.524806
1.524806
1.524806
0.867461
0.867461
0.867461
0.867461
0.867461
0.642632
0.642632
0.867461
0.867461
0.867461
1.308530
1.308530
1.308530
1.308530
1.308530
1.524806
1.524806
1.524806
1.524806
1.524806
0.867461
0.867461
1.308530
1.308530
1.308530
1.089421
1.089421
1.089421
1.089421
1.089421
1.738265
1.738265
1.308530
1.308530
1.308530
1.524806
1.524806
1.524806
1.524806
1.524806
1.089421
1.089421
1.089421
1.089421
1.089421
1.308530
1.308530
1.524806
1.524806
1.524806
1.089421
1.089421
1.089421
0.867461
0.867461
1.308530
1.308530
1.308530
0.642632
0.642632
1.524806
1.524806
1.524806
0.867461
0.867461
0.867461
0.867461
0.867461
1.089421
1.089421
1.524806
1.524806
1.524806
1.738265
1.738265
1.948926
1.948926
1.948926
0.642632
0.642632
0.642632
0.642632
0.642632
1.089421
1.089421
1.089421
1.308530
1.308530
0.867461
0.867461
0.867461
1.089421
1.089421
0.414918
0.414918
0.414918
1.308530
1.308530
1.308530
1.738265
1.738265
0.867461
0.867461
0.867461
1.308530
1.308530
0.867461
0.867461
0.867461
1.308530
1.308530
1.524806
1.524806
1.524806
1.308530
1.308530
0.867461
0.867461
0.867461
0.867461
0.867461
0.867461
0.867461
0.867461
0.642632
0.642632
1.308530
1.308530
1.308530
1.308530
1.089421
1.089421
1.308530
1.308530
1.308530
0.867461
0.867461
1.524806
1.524806
1.524806
1.089421
1.089421
1.308530
1.308530
1.308530
1.089421
1.089421
0.867461
0.867461
0.867461
2.156805
2.156805
2.156805
1.308530
1.308530
1.308530
1.308530
1.308530
1.308530
1.308530
1.089421
1.089421
1.089421
1.089421
1.089421
1.308530
1.308530
1.308530
0.414918
0.414918
1.948926
1.948926
1.948926
0.867461
0.867461
1.089421
1.089421
1.089421
1.089421
1.089421
1.089421
1.089421
1.089421
1.089421
1.524806
1.524806
1.308530
1.308530
1.308530
1.738265
1.738265
0.867461
0.867461
0.867461
1.308530
1.308530
1.089421
1.089421
1.089421
1.089421
1.089421
1.089421
1.089421
1.089421
1.308530
1.308530
1.308530
0.867461
0.867461
